837
1949 2
24096 18968 
8696 1
35619 
4871 1
920 
6550 4
94970 97138 10051 35700 
4705 1
37941 
9772 1
45682 
8384 6
29310 76168 27699 71023 79781 90223 
2297 14
32352 98491 19238 67018 61759 74118 54343 20451 72402 48161 5511 6718 42504 70960 
7327 1
97546 
2610 7
1382 65479 61304 49113 77032 48043 39325 
5724 1
83428 
3428 3
612 47401 28439 
8530 8
11503 81373 87719 5892 26138 53582 59089 88957 
6241 2
40462 36531 
5523 3
74547 82572 20012 
8617 2
27336 12078 
8738 1
34438 
1634 1
75776 
8917 1
32911 
3953 2
5704 78057 
6897 1
56907 
1864 1
30623 
4758 3
41803 61417 26076 
8728 1
71936 
53 32
19871 45897 2478 60488 1061 70968 67042 56156 61098 42293 27198 
9829 1
56041 
7989 1
22925 
8691 5
48126 46058 1012 33992 55052 
1045 2
17105 25087 
4193 2
82470 16068 
2359 22
9508 55889 14067 60259 78319 30503 98686 63497 83803 19053 20678 28632 12451 52615 85810 
7281 1
4425 
18 1
52395 
8149 5
16863 79950 87508 71560 59349 
9255 4
80757 17705 54473 12490 
1760 9
5901 39132 49620 14830 22422 40929 58487 82880 46805 
627 2
74570 6016 
3938 1
83826 
349 2
83215 64201 
7491 1
32661 
8791 2
77912 7524 
9447 3
38493 70663 38593 
5134 1
91032 
1161 1
41509 
2380 1
11146 
9092 1
27133 
177 1
56212 
650 2
88226 4701 
1023 1
9084 
9128 3
26264 20291 77778 
111 5
70445 1692 38153 55457 20320 
6871 2
40071 599 
198 1
36870 
5771 1
86501 
8887 2
19827 12560 
6644 5
89990 62465 5281 47332 52990 
7819 1
47416 
2006 11
94498 96323 16873 36998 3964 20664 88446 79411 27157 42790 96719 
2882 1
16292 
5348 1
2519 
8758 1
13373 
8181 2
82963 39996 
7791 14
23942 27113 54133 35109 83007 41427 75810 87331 49959 81321 87958 48237 26638 84014 
2346 2
90784 3616 
661 1
48941 
7358 1
8226 
8490 2
12447 70466 
122 16
89613 22078 37843 98090 47800 78834 12344 70053 13385 55902 
8279 3
63029 73237 11213 
7984 1
44930 
4074 1
2184 
6754 36
48874 16462 73946 69574 57188 6136 64971 54195 47046 9716 60674 38055 
5804 1
94485 
806 2
68168 71891 
4460 1
76084 
2732 2
98643 96872 
5020 1
72364 
7709 1
99195 
7305 1
23444 
9927 4
15046 62049 62499 74206 
416 8
27052 96196 71411 80870 58698 61397 57140 78548 
9855 6
60258 74200 83257 45533 55738 34698 
5339 5
74857 8649 63380 97317 93773 
1549 368
52239 47431 78457 39536 92602 36648 5245 52007 61854 98461 25013 
479 1
65438 
1653 1
37098 
3679 1
43919 
1349 6
28366 22375 94002 45850 11511 19353 
1283 1
78912 
6063 1
54575 
8005 3
66483 43568 69565 
2754 1
98693 
4059 1
95569 
1448 10
89811 53233 91418 45379 95566 14370 97191 46160 88725 92889 
5707 1
77110 
4138 1
7028 
5023 1
71227 
1004 1
87426 
587 1
95174 
2415 1
17257 
1737 7
11483 75184 75599 7055 24216 38352 41108 
6441 1
69323 
5263 53
73291 34601 15260 64389 38744 35600 83457 36344 21385 805 41725 37405 63602 32725 78398 27573 90365 
6338 1
99700 
6636 10
42641 997 71874 5454 54092 97223 34089 1816 60066 95361 
555 1
28172 
6202 5
35878 47571 3489 73534 70036 
6979 23
89839 41474 32591 40294 57859 71799 71246 93347 41412 21211 30325 25493 15498 8991 43631 3425 18600 22906 76206 
399 1
5660 
8226 1
55921 
9053 1
40703 
4592 1
22756 
7511 1
16503 
2652 1
63502 
2737 1
1780 
8050 5
68239 93694 18693 42059 37194 
6213 2
63457 77424 
752 1
30917 
1348 4
19371 53262 13098 39422 
2394 6
47576 34607 94214 40639 96142 36757 
1356 1
83283 
7021 8
8126 69638 66024 19902 71524 34954 71094 39880 
2863 2
58684 99870 
5064 1
58186 
906 2
60103 28069 
2144 3
7776 62673 39234 
1800 4
62554 51532 24025 29997 
2939 1
15294 
5311 3
88308 47594 27 
1559 12
48838 83093 90715 51878 52328 13735 44809 57844 91615 49428 21448 94008 
4112 1
572 
4439 1
6785 
7368 1
56298 
4924 1
92541 
7075 1
26973 
2942 1
98932 
3546 2
83879 46983 
6997 1
89931 
8283 241
21288 75797 34666 69572 52552 81890 94482 96375 29584 93762 84177 91275 77395 778 93624 75951 13885 
3124 7
99244 31431 99456 1683 57835 79809 42065 
6129 3
76567 10774 18743 
6772 6
95671 19919 86445 24112 75938 62509 
1296 8
80466 19174 88340 88752 28937 9005 26826 95303 
9918 1
63551 
6342 1
92024 
8795 9
47816 36151 89427 30617 31898 51607 7588 75616 72714 
751 2
51453 15151 
6313 2
93797 31659 
4589 1
15019 
6953 1
4460 
5853 11
45690 74745 69503 15189 86337 95766 35992 74376 46472 40237 98161 
220 2
80199 58268 
8124 1
24203 
115 1
76397 
9027 1
80014 
2919 6
66105 2194 92778 54171 36953 45296 
2143 1
15678 
7201 2
75421 1870 
9367 2
49908 90301 
5219 2
22188 22397 
6253 1
51545 
8505 87
51950 91543 75626 82264 70781 63958 99498 40259 80284 10869 86182 35399 62215 4848 44883 68405 68816 53693 64527 
9316 8
5807 70147 99852 47309 82906 37623 47249 75727 
9610 2
26024 15889 
462 1
11995 
2097 4
71974 13950 4479 36914 
1427 1
16915 
6783 3
79679 38845 16383 
4277 3
1840 87780 43436 
8109 10
66840 10811 75268 5407 34450 42969 31540 23360 42782 59017 
7104 1
6640 
9100 1
40503 
1201 3
78818 16196 58677 
7841 1
53855 
4717 8
56201 65413 2654 29078 36568 51880 3319 86264 
5851 4
8445 79965 3982 23556 
5912 4
58401 15943 77245 7871 
7308 10
10896 21713 75913 48460 67249 11678 56598 78871 24598 24479 
8285 3
57228 15191 77979 
9097 3
9902 9544 68480 
3216 381
81216 74598 74588 70762 20333 21563 14944 79179 9436 72361 66583 
5569 1
64850 
7175 1
66907 
7193 1
57697 
9985 1
5474 
3245 3
16918 34803 16529 
1351 1
89302 
4637 5
63609 28299 26142 46712 95262 
7630 1
2334 
9218 136
71906 23172 41448 8590 70639 27311 24201 68963 35538 89612 50339 
1229 1
79616 
1342 3
57895 74766 19315 
2469 1
60170 
2541 1
23352 
92 1
73669 
1789 2
69302 77689 
3854 1
2245 
7731 2
74564 70586 
7956 21
23650 83790 34990 86621 25103 2365 19498 11082 59305 43098 99270 76310 39793 8361 89710 91358 
2312 1
13823 
6760 6
58782 18940 39307 55649 84077 77028 
5002 1
31469 
3091 1
90370 
7038 10
61179 99644 64379 87874 80352 22970 34793 74706 3068 11272 
8981 1
73258 
7786 2
17896 28405 
9948 2
4624 24599 
1195 1
9331 
7285 5
40018 63576 89313 26738 11089 
8449 1
14558 
350 8
16689 4757 28363 2565 10810 43238 77936 8204 
6976 1
81336 
7360 2
11512 42389 
973 3
91042 56535 18062 
2110 2
24868 61289 
5107 1
26124 
7078 3
6535 33797 18627 
7839 1
53652 
2426 2
62386 46011 
917 1
97211 
6115 6
63877 83165 74708 46716 63246 1292 
561 1
96955 
1967 1
43927 
2901 7
21422 6452 19814 20707 25691 32616 55482 
3993 7
47019 56292 58199 92861 21837 89549 63237 
5687 3
80350 56915 24711 
7010 5
3374 50049 76342 73618 32844 
29 1
93750 
1668 8
80410 44718 9362 36335 24030 55783 58743 88494 
2868 2
97267 93229 
3631 2
66266 86143 
6960 2
6247 71899 
8409 3
82810 70955 19868 
9294 8
42080 72711 16973 96726 23597 68640 97076 42870 
1476 31
47921 36162 67602 57158 72019 80283 96318 81097 86219 75901 67690 71712 97603 1961 97715 19419 62389 
3612 1
12164 
141 1
61373 
414 1
58203 
5360 3
33065 91915 18325 
81 1
40496 
667 1
49708 
1109 2
29735 70282 
8260 9
8391 43255 81941 63560 47005 35133 92119 2337 83122 
3525 1
60690 
2977 1
55942 
5635 1
71504 
2904 1
19713 
3277 1
23432 
4330 1
96715 
1432 2
44014 43667 
820 1
17999 
2339 4
95783 84827 69216 65811 
3148 2
36813 23400 
3944 1
31866 
3991 1
13418 
6588 2
60125 88210 
5532 4
77124 9624 58431 75618 
6025 3
15234 6027 51664 
7179 1
58721 
7582 3
37525 88057 33158 
2252 3
94128 20491 17897 
3720 6
39381 46806 19264 60814 32015 63846 
4535 1
77091 
6054 1
4824 
61 3
26401 83635 10448 
3730 3
53438 71144 68549 
3981 1
34633 
5789 1
54566 
2457 2
73007 58821 
2943 2
89074 42824 
3202 3
40153 53811 77943 
4284 4
20698 72299 37144 79590 
5065 1
32542 
6229 1
76302 
7293 5
12574 14667 70986 49312 39981 
1642 1
60376 
5345 1
860 
8648 1
33752 
9486 1
77993 
3967 1
45867 
2075 1
24782 
2504 5
449 22770 34013 53082 33155 
4709 1
47659 
6698 2
52944 76220 
6915 22
65488 39955 36036 74797 94434 5398 42644 29988 85197 71522 85422 
7555 6
80645 59433 9913 34991 98853 49271 
7937 2
32944 7517 
9061 4
97758 6623 14719 47228 
3794 1
61049 
9423 1
36085 
1617 1
77589 
2510 5
20151 88952 51299 410 90510 
4847 1
43682 
5810 2
78145 7993 
8056 1
31110 
3025 1
89152 
9647 1
6639 
2548 1
32726 
4556 4
32157 40510 57800 36222 
4893 1
28005 
7344 1
77416 
7438 1
92491 
8518 4
85977 38231 56852 92374 
2590 1
59603 
4563 1
4685 
1307 19
46815 23465 72959 33850 60016 52535 1529 77218 75297 48817 37105 24787 54991 76167 82495 30185 86902 
3246 2
85337 56250 
3876 2
61517 83254 
8677 1
59762 
8628 1
92518 
6386 9
11094 19711 2109 49757 67054 59511 71764 17594 22813 
7494 1
623 
8792 2
20600 70303 
2994 1
30713 
4704 1
88817 
7995 52
76518 7514 78404 25285 19974 95027 30852 72285 28990 47295 5768 64041 55364 74621 38128 96627 
2137 1
70379 
2819 1
53398 
3726 1
25619 
5604 5
88745 9206 98615 83808 9978 
7914 2
57089 74671 
8931 4
44975 73422 46470 5681 
9460 7
2404 22338 72555 66906 87693 87181 10043 
1973 3
28670 94800 27527 
5510 1
66083 
3868 1
88866 
4506 1
46480 
180 1
56086 
6006 1
70357 
6916 1
11809 
7833 1
48921 
2250 5
38008 10297 87671 68845 14779 
2651 16
87520 40436 7277 69343 6709 84919 33345 15485 51735 90615 34930 303 66504 87639 35995 98402 
4278 3
1017 60842 89993 
9564 4
39193 32607 38194 65091 
9751 1
30671 
3742 1
22010 
6977 1
66128 
4631 6
80045 80217 9577 43970 49982 98260 
4645 3
23371 14428 95329 
6416 1
92349 
6779 65
96152 42236 97360 81514 80698 32041 23458 26920 17379 64219 28854 55496 41851 47812 2282 47364 64426 24773 
7645 1
54916 
458 9
48823 30142 15900 31129 56783 97306 52949 43977 28797 
1397 6
17529 14265 45733 65433 50055 83582 
3342 2
72979 65979 
4618 6
5242 12430 78103 62124 44069 49356 
6215 1
17113 
156 1
13469 
4614 4
4248 59414 38614 92694 
4979 1
55331 
5097 2
99934 78906 
5551 8
2017 82686 16393 42531 49872 40140 25876 2528 
6185 1
43886 
6885 1
19537 
8390 4
70232 32568 42303 48266 
9291 1
61965 
9833 2
74638 74124 
693 11
30884 79029 18233 77061 24973 66704 34392 35676 66038 32671 38587 
6079 4
81771 15659 16853 80276 
7096 1
14081 
7259 53
28997 72463 70983 5724 14752 76191 32807 65832 25195 44513 28395 76989 40686 14943 40291 28376 
9489 2
45503 18137 
3707 2
94335 59239 
8314 1
56962 
9540 3
64100 76067 69550 
4457 1
89928 
5397 11
53613 46379 25888 53554 78555 3816 98963 53189 54150 71639 27789 
9095 1
75822 
9239 3
78515 97260 73807 
88 3
92257 9925 71517 
1154 1
76263 
2848 8
31963 69102 58578 43702 98293 94845 33192 77165 
3318 36
76786 43084 69979 1598 61006 58059 15194 32281 86023 94732 45513 22250 80271 
3764 5
51167 83190 60792 85103 69583 
4803 1
38697 
7737 2
32276 83212 
1478 3
29736 81910 56764 
1679 3
51344 28976 19995 
4252 4
73224 19213 86957 72729 
4892 2
11386 41906 
5589 8
30920 93461 16716 18607 63705 41680 8447 59911 
7124 1
50099 
8095 1
6228 
9108 11
67184 69876 97664 3767 2947 44442 42463 87785 10878 5784 14044 
526 6
87714 67485 29292 2504 33586 16110 
1331 22
69820 69818 38127 59676 12924 25333 72124 53581 3541 86946 72349 81015 31281 36055 41770 59974 82656 
2567 2
36475 71812 
3597 1
30212 
4813 1
53605 
6900 1
70957 
733 1
79180 
2497 1
65230 
2830 1
73779 
6387 3
85082 10865 78762 
6603 2
97381 72164 
2200 2
65165 88829 
2998 7
16572 31009 41318 13822 95424 71448 88364 
3837 2
77213 22974 
7120 1
92811 
7445 1
54006 
3550 1
36462 
6152 21
28053 5991 71306 14160 6747 94538 6315 3713 75597 71362 23049 16806 24180 33034 
7294 1
9222 
9686 12
12234 58585 1739 19857 67539 67202 98885 18898 4984 65300 92969 3052 
2608 2
17701 94767 
3586 7
57227 71835 69041 69328 44102 40780 7837 
4626 1
40041 
5966 1
49097 
6751 1
92329 
6957 19
41944 72670 69907 32686 23121 89883 94880 8280 35443 29776 97950 4446 93239 16211 51669 
9203 1
24592 
1970 178
30317 80411 49785 13325 60718 92429 35806 71777 60864 22341 17137 
2595 2
68600 24051 
5172 3
51447 57499 78612 
72 1
78903 
4496 5
65932 51627 92646 61278 53580 
8989 1
6476 
3719 1
98025 
5805 1
750 
6446 1
97353 
7493 2
26660 83598 
868 7
24532 71352 20414 52243 47902 44131 17941 
2928 2
97630 84448 
4194 10
40861 16943 13128 73906 53815 56177 77193 66263 54420 21300 
8582 1
95124 
787 1
93804 
5091 2
12683 88734 
5184 2
52462 81290 
8912 2
36219 5735 
3907 1
14146 
8098 25
20487 52912 86941 35499 83543 6241 32178 78523 48510 45918 7982 98316 
9160 2
31683 3972 
9508 1
24235 
2783 2
38236 52842 
3852 1
77060 
5117 2
81352 84432 
5357 9
30926 28226 86311 61566 49688 23666 61616 69433 2897 
7801 1
92511 
8177 6
86465 62193 37076 18057 27778 61129 
9733 1
39173 
6893 1
86137 
7217 2
73827 39816 
9265 2
33298 24823 
9761 6
91084 54689 97918 87866 97684 74259 
2738 1
60345 
3267 3
31347 19951 74437 
3919 1
90734 
6493 11
18975 82563 75107 88148 56683 17080 80393 92547 95151 24233 
7424 1
80275 
417 1
1989 
3552 13
43720 31819 89918 68779 4127 85967 42 12167 69434 15879 53591 77022 64890 
5565 2
4315 56005 
6966 3
5047 31074 38473 
1133 2
89093 48670 
1515 1
74559 
3999 1
97302 
5426 5
72585 5925 19950 48107 28081 
5761 1
90886 
7575 1
67566 
9096 4
22767 38478 95825 41134 
9775 1
63160 
1488 17
24347 5672 94462 22695 39288 94939 1762 80258 33891 32887 97224 14619 37975 
1978 3
39689 25345 65957 
3134 1
34939 
4473 1
42415 
4951 1
60464 
5561 1
78902 
5818 1
55359 
9081 1
8893 
9795 1
82816 
242 1
20744 
490 3
88188 10519 60348 
3593 1
34994 
3737 1
43158 
8222 7
40631 56920 89187 98195 45179 96763 82830 
9200 1
40998 
1241 1
29536 
1830 1
36419 
3568 264
38570 66803 1417 31134 3120 9324 37582 34112 5430 88971 38169 20511 15600 40438 99956 
4154 6
2105 3619 50924 26091 32941 51548 
5202 1
18250 
9285 1
65242 
124 1
24621 
832 42
86392 98497 29746 26078 76482 42719 89198 3870 4567 54441 4118 53142 17213 12923 1489 44419 85275 75680 29059 
1420 3
76512 27803 26410 
1557 2
3194 79620 
6623 2
31681 42512 
7007 1
98729 
7729 12
24647 28235 31058 43920 4197 6685 15638 80885 25440 16001 86053 5343 
4038 2
81515 75852 
7442 1
43972 
8893 1
66601 
9002 1
62316 
9548 1
5328 
9616 1
86840 
370 2
94177 63098 
694 5
58055 57748 50489 56320 42094 
4977 2
63297 11224 
7624 1
36908 
7881 1
30489 
9960 1
54985 
1743 3
65475 29366 24269 
2973 5
34945 69762 98433 33853 14497 
7143 5
45165 61091 34953 71568 81037 
7666 1
57985 
8388 4
92996 60592 57484 65980 
9315 3
13578 57019 96890 
381 1
83622 
1504 6
89495 53279 27272 73289 60114 6788 
1984 8
41551 29613 12902 33464 33105 92038 32744 60456 
2119 1
95209 
3877 1
56436 
4072 1
49199 
4084 2
43610 22613 
5423 1
28551 
6468 1
33024 
6826 2
44766 75337 
1137 1
94733 
1164 1
99830 
1246 1
30500 
2881 5
13893 25536 80716 96993 5967 
4397 1
58227 
5388 1
2510 
6485 1
76283 
6792 4
29429 7163 71996 28459 
7974 31
59320 26314 27448 26355 45484 36882 71379 76647 20571 74034 46166 46572 88310 
8093 4
89863 53286 34533 70998 
829 2
55346 64598 
918 3
26806 50606 76152 
1948 6
51547 21221 44912 85158 90682 44627 
2664 1
52093 
5437 43
58359 29133 84137 62156 75118 39244 78972 63416 40517 90727 10326 36537 70941 99313 46209 49865 37541 
6821 1
34765 
9017 1
91709 
599 3
65840 77874 84613 
2722 1
22626 
3729 4
2650 91787 95081 15581 
5513 1
56844 
5607 1
87884 
6464 35
78557 73781 58880 71231 73743 49221 42483 37271 70117 7568 84763 66338 51166 88610 42093 7421 19163 8972 
9992 1
65697 
703 1
86055 
984 23
5364 20155 38364 55512 64584 3149 10131 98443 62866 3243 78657 26821 43392 43599 29093 73305 67207 99627 
1873 2
92516 81407 
5100 2
70299 3203 
5873 1
51111 
6134 1
88845 
7963 1
9705 
8624 2
81897 16149 
8958 8
35279 63505 60861 406 59386 19992 60567 55120 
9028 1
33839 
2115 5
57393 56546 631 52372 56731 
8831 1
8173 
1886 2
23337 32430 
5568 1
11989 
6418 19
14997 77682 22844 79744 82879 91998 96150 57577 75744 3708 39035 4176 71901 55251 7124 81382 99717 36770 55802 
8008 1
71377 
8211 1
91735 
8659 2
36054 50421 
8818 2
42040 94583 
9934 6
62769 40644 85896 76048 33290 31611 
79 9
5547 40712 75224 20294 15601 95827 81522 68010 9743 
1989 10
61260 79182 39893 85142 89037 24761 80644 60870 97175 51836 
2269 20
13151 68373 36013 77141 83406 54550 7341 37632 27432 25367 24443 96431 16400 77337 54049 48995 21349 79711 60244 96225 
4364 2
21995 61301 
4713 1
7840 
5471 2
65498 60059 
5811 14
85320 74557 27102 6893 35642 45346 50897 25826 17872 73954 99537 13126 74209 1668 
7042 12
60582 42074 72464 37687 64879 38712 77640 24343 10231 94727 18110 79123 
8644 3
35464 89846 73627 
1024 1
32114 
3698 6
91786 32312 3504 64709 18098 68347 
5888 1
99563 
8392 10
69215 80643 41824 29951 42060 20066 99981 6519 28228 96946 
520 1
24213 
4065 15
69141 69244 43537 90021 43277 18030 33951 16624 59940 44996 9496 6561 86029 50234 99292 
673 9
73053 37068 58881 17215 46508 72520 50079 96349 29444 
1453 1
17714 
2235 1
18597 
3050 7
7507 17096 20053 89911 80440 31709 57053 
5654 2
58774 55252 
5798 2
93871 42982 
969 5
11375 16352 3560 94144 29407 
983 1
8149 
4381 1
21975 
4660 1
39466 
4669 2
53493 80104 
5286 1
84511 
8828 1
20517 
783 6
41389 49971 593 99401 80409 50900 
1110 1
94775 
1316 1
2024 
2126 1
91307 
3186 1
15050 
6679 9
65843 32194 80781 31872 78144 67448 29223 65611 82681 
7166 1
43444 
7258 3
13832 49014 66786 
1044 53
60239 32697 36160 46398 51997 46663 35191 47616 94797 72992 14907 60159 2081 60633 
1682 2
95196 21978 
3626 2
48568 12872 
4177 1
7032 
4215 2
2736 21730 
5990 1
24991 
7025 1
10805 
7148 3
32426 49863 8543 
7611 4
53390 47914 18521 77532 
8793 2
81521 67518 
25 2
69060 16523 
438 7
66969 35391 83889 99274 35054 32649 42082 
521 8
57801 7326 82837 88648 85149 53166 61408 4233 
1584 1
80641 
1883 1
54108 
2257 3
37279 92596 8041 
3883 178
81808 44369 73083 97903 33589 48709 52270 51928 42944 24416 73176 45299 99574 60726 22713 
4430 6
44228 62452 81339 52219 68883 36836 
5269 3
27223 38405 26048 
7177 1
92866 
7804 3
10549 40986 42228 
8536 1
46383 
811 2
94207 7006 
3678 1
10529 
3771 2
25515 37818 
3871 8
93037 83757 34264 38562 67022 52692 98821 67314 
4011 2
56544 17556 
4116 5
9338 40454 52495 28986 19149 
4164 1
87460 
5227 1
47732 
6330 1
52309 
6380 1
96388 
8254 1
71939 
9534 1
69664 
9963 1
54749 
657 1
39742 
1723 1
78751 
2111 1
29311 
3413 1
11789 
3963 2
2032 40951 
4251 4
46481 95377 16994 80130 
4374 1
77843 
5530 3
59366 28038 81846 
6212 1
62838 
6236 12
95663 46152 89336 72514 26472 74537 37495 85494 43916 49075 71100 88550 
248 1
84520 
993 11
37640 5913 15551 93522 98506 73163 73605 65658 98571 82869 96099 
1425 3
68541 41816 74273 
2354 1
83836 
4026 2
398 11163 
5045 1
81929 
5272 6
37152 26000 54677 14946 18631 83652 
6609 3
80532 26726 22173 
7302 1
69412 
9596 3
68283 28257 92897 
498 21
75135 77897 72849 38688 11241 85390 4651 55274 80075 74383 14276 84687 95302 64733 
1226 1
77342 
3034 1
44302 
3289 1
52384 
3553 2
50288 34662 
4986 3
52927 66917 22541 
6076 5
18577 66935 8076 73316 90393 
6763 1
75245 
8869 2
50700 62772 
1361 1
2574 
1992 1
27810 
4402 4
12941 59661 92752 56187 
319 1
71080 
1345 2
52360 31986 
3622 1
17987 
5193 6
57071 69331 45002 31968 60938 74255 
6001 4
73661 21401 15542 9506 
6423 3
6832 18339 40246 
7770 1
24312 
897 8
3370 89915 44446 35768 30177 90241 31964 62212 
2162 1
93034 
2244 1
2579 
6084 1
49700 
7474 1
31076 
7726 2
79952 84050 
8261 2
69785 52714 
9060 2
17460 91847 
9064 1
53135 
9461 3
87580 40413 8414 
814 1
41032 
1249 9
87288 43004 81969 60004 24923 13016 70255 10207 76800 
3874 2
47125 92240 
4463 1
28195 
4891 1
4167 
6228 1
11952 
6794 1
58079 
7452 1
33899 
8572 2
12537 5616 
8848 2
75239 24353 
9353 1
37027 
317 1
87192 
3164 1
49782 
3955 7
87897 21941 21980 96437 76480 13169 6022 
3998 3
30958 19932 94628 
5697 1
70873 
7296 1
49203 
9336 27
31985 4034 50935 14610 18601 7095 66404 89465 76358 77454 95682 18473 70375 98817 69072 
9574 1
32523 
9836 1
78858 
1807 1
99187 
1963 1
41579 
3394 2
39436 15939 
5030 1
36814 
6060 1
96346 
6355 122
97645 41965 33872 70258 20133 84084 65387 94618 50907 17030 62766 56480 31177 44783 10185 91485 
7191 3
5609 45325 33140 
9638 1
55763 
9667 4
13401 59887 70655 54762 
1014 3
62913 33578 74625 
2268 1
16134 
3632 2
42140 34962 
4518 1
81118 
4750 1
54443 
6665 5
94640 35658 78328 60207 88816 
9103 3
40936 63709 94900 
9143 1
49178 
9701 1
65966 
9916 1
75779 
1824 1
18005 
3094 5
62188 10417 96483 41836 91141 
4451 1
76468 
5835 49
6703 24979 30382 78040 89745 48697 93577 67862 93568 
8338 1
43634 
9724 1
72055 
1037 1
91667 
1550 1
68279 
3454 1
61351 
3767 1
1089 
4213 5
84254 24738 77531 94145 28342 
4246 1
79660 
4919 1
6006 
6349 1
92433 
7822 2
74828 20701 
8198 2
26204 51113 
5 2
90613 30091 
1844 3
95886 84941 6335 
3324 177
56075 98469 49851 27589 16067 6316 77126 63905 63487 80630 23321 29258 
3865 1
44454 
5159 1
48536 
5285 20
2419 88880 33018 66260 64457 67607 26087 669 31780 71759 84286 39323 17578 83059 
8328 1
86907 
8843 2
62185 75867 
9124 15
32653 44053 62522 92274 20981 15298 21421 68026 43429 94572 12780 12191 92903 40886 79060 
682 1
6927 
963 1
6568 
1752 7
34219 14251 226 97137 83265 63175 32922 
2778 5
53630 5212 64301 10732 12271 
2824 2
55254 97295 
3254 2
16018 67333 
3290 9
23482 82662 90740 18661 76 33484 84907 81172 43961 
3406 2
39556 22649 
3617 4
48872 74355 19089 84356 
4001 5
13030 21650 90042 65591 79390 
4367 1
21917 
4749 2
81797 1428 
6239 3
81944 59596 50373 
9070 1
1833 
9676 1
93929 
445 1
27036 
1464 4
10968 70201 32197 31005 
2049 6
58646 3273 98753 8094 35266 22890 
3313 1
15087 
3684 2
36274 81144 
5547 4
3379 49370 50578 77720 
6189 1
29089 
6340 1
8151 
6442 10
27191 71791 82710 38770 20785 83160 25017 11660 81761 36183 
7470 5
84931 30834 25892 47689 89688 
9013 4
64716 79910 88859 28809 
335 1
47002 
1826 1
83330 
2214 2
71149 6515 
3472 1
98875 
6285 2
10892 26159 
6367 1
8507 
6717 20
36096 18367 33661 74352 14982 2492 95454 41992 83653 32544 68371 87993 18904 26392 40088 25539 52310 28162 62589 
8300 21
33813 54196 41532 62377 92704 73038 31408 60051 10836 51039 15770 9754 
1415 20
36581 60818 59570 86353 12331 77295 67311 89423 83073 35560 11057 18746 
3156 37
60921 70022 44433 17659 48445 93278 41314 20300 18056 82727 50115 5883 69169 68184 43827 94725 
6250 1
42263 
9302 13
44023 23442 31657 39129 22657 15916 24685 46052 20060 6648 16179 8397 83431 
9562 3
90086 17388 24074 
2086 5
71240 64126 8855 22534 69080 
3074 1
82820 
5291 6
84149 34906 61936 57167 59522 76501 
6470 4
52430 20950 95501 50052 
517 1
41481 
1721 1
96680 
3080 1
81404 
4297 81
41818 40293 7838 40342 71757 77693 28652 25838 75660 8519 10514 85081 19612 81533 55765 596 50128 35826 5924 
4351 2
39778 19361 
4490 2
58202 71337 
4933 3
20954 39705 94648 
6902 1
87326 
3915 1
63550 
3947 1
46971 
5095 4
95402 42635 10740 2442 
5926 1
35943 
7159 4
78410 34573 84649 92431 
8910 2
61520 97575 
470 1
58852 
1952 4
12985 71355 91043 43701 
2746 1
27449 
3027 1
93498 
4661 1
17597 
4963 77
99629 28048 34875 28802 47826 32355 21883 62023 61153 13355 21360 67334 36289 99191 39937 44372 31380 42460 
5668 1
51313 
5889 4
52847 67023 24905 60145 
5896 3
50877 1633 60851 
5999 28
96427 11566 50054 21000 10128 59137 70701 33623 41739 75402 42056 89070 75664 69509 
8122 13
93479 98957 6121 22757 55650 93036 99042 62802 53274 70857 
8404 58
13529 44882 38866 96954 82120 37115 91728 36801 13368 58196 
201 27
36432 22782 41939 71461 45238 55418 16015 71506 97865 59402 37292 10122 9003 
257 1
40565 
3301 32
25109 89106 1990 31788 19561 8738 16442 40547 4023 4947 38908 19556 92476 2972 87044 71697 17449 35755 70229 
3491 3
83403 16186 36976 
8683 3
94313 22774 76224 
8773 1
75291 
896 1
10622 
3529 2
92291 75927 
4250 1
64845 
7702 1
44431 
9889 1
17833 
679 2
8937 76598 
684 3
76599 59709 47959 
3572 1
61989 
8174 8
61041 77403 52739 13926 1372 609 96761 70808 
8663 5
9850 6134 8726 17711 49876 
436 5
41981 63990 73634 30423 15140 
3418 10
19757 8222 92780 21134 78891 98243 4314 39322 12207 65342 
6612 2
61274 26840 
7515 1
32060 
1403 13
60650 68456 55951 80403 59518 74162 58077 42019 94238 40767 8000 
3340 4
89643 82696 96673 54815 

