131
594 199
77811 24856 95675 8910 1968 13423 94120 99743 52301 1667 25255 54035 18435 68634 94007 21682 94633 17932 6181 58851 72829 18504 11379 61321 86360 63867 60881 47755 65898 82351 84312 67930 92275 28198 29339 96113 28216 90023 50310 1116 35999 20268 23797 21533 20404 45335 33848 59042 81581 12199 97000 1932 66330 59966 37433 61977 90045 61469 95792 14783 3123 13144 37303 97028 56314 32342 99738 30108 12923 29197 30973 76545 42607 27713 45910 82212 91735 92244 8702 47132 12326 5887 72382 99093 25427 77113 34525 99765 93098 97668 22546 24110 60819 30370 17564 20269 55712 77762 87421 92386 24457 86513 72893 52188 79587 22653 94022 23921 33437 69038 59595 22294 2793 67752 98941 80022 19944 9032 16578 11482 61864 38400 25491 5438 81293 40558 96855 67346 24262 80476 76102 9011 35158 57863 34439 36465 16882 94069 76390 19119 99914 23560 65179 43114 98246 82340 28204 5067 82490 21981 1475 21409 717 19848 96655 26764 63283 78925 11999 77741 9601 3133 72299 13035 56629 15688 64700 93917 66669 7662 93177 80930 32444 71357 28584 472 38636 3548 46919 15993 49995 3987 15389 66277 91459 6633 33243 11273 61651 70527 21826 32601 97564 81820 40445 99165 32404 19985 11083 
602 99
15550 23967 79903 69364 63011 33121 56764 17387 87189 30097 75429 12166 90748 85484 14932 36501 75939 30426 46139 73950 77427 97434 88461 2233 65637 94172 93832 84684 61389 69677 67152 23417 17610 17583 90624 63771 43991 53812 15858 2260 35969 12549 88856 54700 10745 4872 59356 88739 84258 36168 62860 98352 51871 1482 54410 56331 42378 20347 75515 94920 53923 43645 79835 96765 59266 93225 4179 27816 6387 39709 11215 3788 21673 21240 94426 24072 43331 73206 50611 6074 26052 45824 41607 51658 71998 30318 64194 88512 445 7842 96138 77416 83262 87651 21197 90433 77513 23413 71518 
209 197
74594 56274 29464 39957 23766 34146 88554 77998 55663 92751 86616 59445 2422 75322 15873 31727 2984 88808 8248 99004 40398 4391 45077 50963 69999 88360 95405 92953 88852 53786 5223 63183 67641 39268 72777 75323 1982 16582 6493 60805 43021 95909 60765 19917 13168 52507 36925 63515 84594 34567 36162 70228 88442 94339 79487 57945 45216 18949 76856 45370 51869 18579 7917 28228 45721 42730 29525 38487 69464 73055 40571 37070 70275 93733 97234 99961 15403 71694 56664 82748 27975 71473 6180 76048 2033 9384 79580 85343 37080 90316 65089 19074 35017 59000 76136 15417 74921 78706 86039 73124 39495 85490 23520 21996 5394 87093 47507 41509 6062 81771 65391 16805 47771 47822 53486 89660 54204 4382 98694 7391 50057 75684 796 97851 60691 60091 21863 28072 1424 10876 5062 90060 97036 92846 11360 17464 69440 53865 89525 35826 46219 79988 3731 50499 75245 55803 47576 65694 61972 30290 56456 31985 11000 55495 9635 1202 74746 14301 25061 69736 3535 93996 36496 37415 25793 84574 87170 45381 67751 46233 44928 91676 46275 43434 48155 58537 95574 6919 79225 84348 3109 48328 23623 37582 84010 42195 92685 15043 88322 72439 56903 6950 21026 10022 80907 73233 89112 
522 98
7703 3902 42645 60585 84440 76095 56559 93318 39891 61274 60095 69112 26462 90929 85038 68008 90744 69369 7631 420 79244 37857 20065 5477 37143 57340 68461 8738 56625 75825 88687 8022 44119 32628 25170 67781 83320 25205 51167 18614 13359 29705 42114 80057 29876 3799 40231 48527 88771 66981 26019 75887 1458 10234 11277 30067 14199 38819 18631 56659 7024 15517 81440 67320 27582 7064 25344 75026 21168 68826 50425 94869 89648 51801 533 64588 76646 36107 72619 39306 49710 93137 73792 90552 47685 31057 10082 14885 65940 59380 59537 36605 3040 60855 76997 78680 4931 23084 
972 97
77091 64661 8296 9712 37503 87891 60255 9545 70278 17177 81419 19927 81449 67656 8272 82336 874 76912 84951 86454 30135 9157 87323 64859 45423 54094 10165 28256 26952 20671 42865 27410 89547 72161 82319 73411 63754 17694 78177 74329 34605 52664 79767 86809 1460 15618 38210 84636 83537 85765 5868 41343 72792 16187 89348 2760 26301 24558 29799 35686 93825 48894 57404 38646 81310 62306 36875 89839 6338 61940 29563 48625 36087 55922 3323 70503 97809 80911 82683 98838 26881 84088 36378 43589 26770 57653 74850 82086 65574 64601 72425 56665 98959 89352 48305 32870 78969 
600 194
93375 35347 5569 98323 67832 1859 60758 20198 14304 86357 6730 43172 1063 14297 23843 3081 11430 98077 5688 52736 31590 6069 50817 40626 24411 71153 678 78011 16622 69584 12463 74405 45298 6595 95458 5385 3992 77361 45984 76474 25005 3500 94275 53981 8548 31381 7734 55130 23826 56592 94991 96224 17744 42288 33849 88017 28962 23293 94956 14977 97384 52580 2300 12297 66916 86818 79930 66142 52610 22139 10821 18314 88144 14349 80770 31255 21468 94750 42341 37767 97355 21938 3497 17487 3153 19956 92199 29478 73703 11126 26377 47339 19130 9684 72014 75575 37866 65172 20720 30420 79500 55327 32766 26391 55451 7156 93303 28150 9424 45797 86995 8438 32298 68414 99890 37101 88140 29074 81474 69920 20292 58609 55284 75559 58015 81743 70785 4390 93226 13406 58454 43 42230 3258 43607 66753 48550 10708 76707 60090 55214 61167 28768 60035 1084 46104 25395 41395 69913 63141 58897 18150 66451 70142 16342 76244 8134 66218 45009 21402 4717 14148 15702 59991 52691 80604 80192 94356 13364 24995 90564 16954 20088 76716 70771 76178 76760 92651 3853 64368 21464 5459 50324 8099 94287 1680 31944 35294 98270 15352 6200 73152 84799 17786 
157 96
41326 39988 33393 53608 66296 95679 72788 48698 22957 81000 53641 17964 35256 15582 34269 94692 96573 83498 30602 84686 27481 35388 52690 91631 87878 34930 67896 43862 57728 43545 42128 61516 79325 67229 22448 22798 19146 7665 71127 22895 80526 83211 44401 21859 24380 54877 38321 4393 4828 17157 61590 21378 3000 80072 84795 46044 73009 81819 1209 79381 23233 19723 44486 79672 27355 54590 77783 14543 61761 97574 60974 87169 4799 14049 42860 29059 64311 65527 12047 32347 23776 81478 98105 82315 19517 36317 72441 35727 19190 20889 5414 36153 62992 22763 28021 90208 
72 96
81122 59996 99601 84387 58948 28379 95105 7495 147 46487 98505 51333 10286 85355 75955 11848 58208 10681 19296 4711 26167 6132 57024 72945 18003 96374 17978 2628 92735 35996 80241 37103 51029 73734 93328 92400 27465 9973 59123 43733 17713 68655 74149 58689 67169 23918 19530 55378 10454 83930 61414 57616 15093 88348 95021 74179 68505 28722 52091 48316 32713 57897 72782 90688 56072 17181 88756 66585 94525 87244 81494 85744 944 28104 27241 58000 17424 34869 64547 23745 39515 83647 98744 62352 17660 12024 27191 94950 48088 34953 21774 14719 37536 88723 27830 4554 
690 191
71265 2438 65442 87404 18638 87330 47195 70655 6753 49319 2670 70879 94216 89117 302 37514 76971 28793 68236 80315 76712 96414 64742 72068 10011 80932 53314 98147 59098 33978 77287 45704 76172 85723 28557 3189 41199 8929 57870 34466 21669 58962 56937 97155 70726 85668 59864 99777 66228 78411 62926 45819 1056 20680 58142 91447 54787 73649 72411 49752 33701 29349 37305 4325 76119 56100 80853 76208 77262 87062 8471 21694 93297 91210 24940 12262 8801 67208 52718 14823 85593 95542 15494 75526 30427 23029 81526 82501 29886 99451 52489 66694 74671 57462 90853 47145 69043 56867 28045 61224 44426 60644 75699 26548 17865 42683 24576 34306 10661 80131 67058 42926 19940 24563 44217 25710 491 54250 20969 59870 35628 79361 11680 89247 42819 50834 93491 42217 29621 24456 75945 62372 77481 65761 68114 68927 93426 54030 57699 8313 28627 93354 80329 15959 3703 32934 39505 56348 59921 31750 2618 11598 75826 81801 73872 57595 44109 18915 25861 10982 18748 50073 75183 60715 37464 30414 68417 12293 47183 73179 45683 18035 46580 78236 32175 95085 55774 35776 11062 39874 69648 78959 60537 45127 88389 64721 42527 48384 51712 95547 13351 
717 95
27332 71817 38973 27711 13360 77047 55590 1075 45425 26726 42641 63435 26104 6533 78188 51565 81651 47915 54691 75021 63154 11181 42338 79214 9626 58159 91295 53145 52681 27553 72348 58693 98568 18956 47594 40089 94229 73642 70119 84316 86853 92215 32030 33564 11327 44707 53489 61874 95589 83646 3037 53801 74541 26358 97743 59278 89540 35393 19416 71294 37384 39396 4569 5226 96547 65416 14456 71889 44858 65851 34086 6322 99871 21246 15383 11687 65985 96998 43891 61572 17037 25080 18527 63060 72693 15189 34751 97207 85881 82106 6510 78771 78803 34005 41505 
808 189
58772 98272 73050 29599 5996 37784 75075 88843 2788 92696 80211 38866 34708 27717 12599 46424 43803 38380 23907 93222 9443 67500 96874 99417 89439 97903 20564 80118 69082 69371 50376 49561 77845 98849 34160 96481 89836 38830 39321 61785 46357 10383 64947 99447 13503 11841 78606 66995 81179 8037 55216 87880 17073 14255 55415 54376 60236 94936 79687 34471 1988 96621 15941 84857 62882 56447 14622 47845 87007 74018 94531 51163 50930 23551 25980 12561 3329 84169 89206 89714 42656 4581 71031 34824 57924 87591 56370 1201 21392 68865 94224 15604 62519 60004 81332 69442 7660 39532 33355 38808 93153 63014 28556 49528 64145 7508 73522 58241 196 46391 41000 74827 19909 69990 48725 51698 34049 46704 7773 47118 43699 16988 69398 18885 51220 95533 64889 79960 86712 94369 30307 24228 44970 70991 12276 47119 64604 44655 84984 67171 89492 502 88737 60749 53771 44648 47380 14231 46571 97642 779 30579 69441 29095 19895 26647 36318 14830 23661 10337 17585 131 3655 3782 16282 33174 71343 96191 61508 32174 36275 6165 72394 11195 94652 26817 51824 76294 6094 35207 42223 88180 12240 29803 15977 87590 74152 29548 52753 
393 94
15780 10631 95913 292 82009 97453 10255 51566 95512 46753 40417 11678 87326 49191 48021 53941 44719 33819 79795 26164 33467 84293 14512 40500 66113 17959 20942 41111 74742 5264 53487 40986 85656 22036 58148 89843 95876 68343 21677 89291 55169 78612 77108 28927 99553 27633 76193 97311 66915 55568 70907 84154 56928 9986 55356 78399 57972 73102 75584 90727 39281 741 668 31810 11909 50032 27529 70641 70214 82117 19444 39863 30310 34950 58788 54898 62851 99182 45444 10167 53176 55748 96564 37318 21813 41616 4190 60950 38927 46998 41210 94185 95596 52395 
100 93
48005 32338 65341 22726 17367 12525 23968 92602 91112 76271 39290 85770 93333 26199 94985 65616 98776 45313 98180 45945 54986 17224 19783 22438 89200 19491 1029 15755 48031 79208 65627 85833 50500 51855 81291 27299 38555 85494 50895 7337 2883 42494 28978 76671 5145 84373 56467 42016 51205 57020 86921 65713 78832 43785 34569 94818 59229 91896 40063 12696 58633 28695 74485 70206 62821 51647 20039 10910 75220 71818 7718 39013 42659 95004 12540 66810 23392 84825 94068 29473 65040 57975 84569 82155 86329 47910 34812 13193 103 40263 27164 62572 4568 
715 93
42480 8722 98414 49200 64564 9473 95311 32407 94081 33559 60619 29457 10793 44997 62384 26317 71906 55834 10177 34670 22316 67548 39314 11675 72864 76954 91042 40793 27475 72776 62125 57894 47138 99901 94284 35663 11997 78721 29888 31346 49202 56610 20242 83966 57054 60960 39262 71671 60282 18286 65955 20035 21286 42084 37727 30168 51582 66295 2074 41471 34225 79696 2257 16734 96253 56732 81348 9597 37959 51726 13076 98014 3316 71995 39767 41291 91475 18706 24276 57178 48923 73145 33960 90971 87852 94948 2216 28169 6583 46895 28380 73924 45137 
178 185
15516 85431 73877 3695 60432 54730 6246 75469 16418 24801 5376 50110 76333 90904 72608 17798 91466 46060 14674 13498 82255 88817 1782 84814 46635 47690 564 15005 51705 72941 77613 38272 19305 39381 13977 21200 38506 19801 50084 94795 9407 69856 92044 33218 65559 32226 10885 90224 49959 5873 16690 10281 6321 35493 18581 29241 47017 29363 75571 78446 13148 66376 64051 23446 68706 27140 2974 11952 22109 71009 96244 7247 65598 80392 88198 37215 95776 78071 8056 90186 429 9317 20422 92100 50043 98402 82819 57109 59663 78085 69908 21115 48529 67097 24273 30134 9646 37001 68029 91473 57399 50505 15525 53082 54485 12746 60351 82385 59707 80750 76394 16585 89475 52437 91931 4538 72171 62732 18549 9080 20267 23500 53108 35808 68490 69967 85460 23026 63897 80389 61010 63753 64344 83934 48228 90773 41300 20509 55227 29998 22584 43409 64352 55825 24498 18578 7744 76731 94177 8610 11741 63173 40543 56490 33013 11903 95969 3106 67975 45337 1333 46529 46293 44132 91045 75165 25398 59103 39454 44085 58715 31703 54081 37486 63518 45250 20438 76727 46933 30639 43278 61945 99669 35521 84683 
597 184
6887 22373 86330 77254 17965 56977 66401 68501 4330 3157 78840 66970 50573 39943 13317 62578 88906 36811 16054 57907 6145 29447 55601 88043 71375 60602 82372 16445 89312 39019 59027 44512 31233 65410 55301 67827 74941 44031 54924 8655 70830 48062 42754 65949 97261 7262 56991 57031 76693 47559 99596 30679 22669 9903 93418 71762 42106 87764 51354 61335 41180 9302 65711 73994 74882 87211 17725 62991 44877 1375 33326 3053 41167 79010 58035 18248 41045 92278 83104 33275 54950 45228 75314 86386 76266 55507 2665 21751 26818 11003 30332 10676 7494 91067 28523 19543 59951 32536 20086 60486 47271 99801 37152 42936 3085 46724 40800 38526 6447 62861 11319 1578 84282 33623 48298 95586 68237 6453 88279 83034 87012 43035 21803 61103 68471 97863 16019 32552 88458 97070 72844 94890 24208 13957 96625 56729 45736 2210 61715 11568 19252 22566 2174 23914 34756 54651 54833 26946 4688 20891 19770 84497 65580 29247 7162 57063 28508 20158 51900 14746 77019 64555 92614 48804 3340 31776 16575 42685 30122 74971 68797 86482 25313 21753 2264 15100 35322 21229 27845 45235 8394 51667 44128 658 
61 91
95736 59431 72762 76904 79777 22310 73075 95790 35036 22849 689 35398 28809 70812 39157 15493 75368 55072 60305 60332 44957 59252 24031 50676 56972 56642 46959 59299 37330 98533 38562 84783 2177 7009 44839 58298 99258 55497 45942 44808 10887 33554 47616 91776 89144 57355 25622 41653 70631 46413 7041 92223 20716 56342 26736 50273 72097 2236 70190 39990 16930 69107 78728 27235 9348 27683 87586 14158 4836 34358 57672 48108 65797 21166 46671 7184 36934 7987 9043 11216 73480 76560 38208 83096 80735 23676 50167 63865 9652 91830 94731 
466 91
26054 97793 82386 96883 90184 13755 7458 82273 60019 24280 64252 16246 35830 76112 57744 30477 75741 29335 83620 8552 12493 90305 42356 51001 85630 96656 23172 51947 73483 59111 83461 44384 32475 74556 32487 10026 89002 15661 74395 25581 25850 69842 4048 97430 11309 60562 76 72092 60901 53686 73683 36330 45939 51610 12304 3496 26224 66093 89911 31218 10894 40953 78271 19314 65855 14627 86664 55899 53269 34354 18932 40513 19394 61512 59723 53610 75563 13102 57304 57540 72506 84457 69212 49680 47909 36138 96739 61006 18876 20998 78329 
59 90
73532 11895 87322 87814 48703 92322 42690 11117 86844 45617 73672 54516 27255 38144 39007 90601 15045 96893 15163 73490 41800 35499 82701 26510 19449 96014 53002 64084 11445 56052 42674 21022 20122 25116 35998 75854 82935 90047 29625 71784 25431 89308 6492 6393 5564 96193 66719 68163 66619 40083 88422 84077 50222 61045 70751 91780 83355 42884 59309 32191 99033 74155 70615 40602 30638 49196 3148 79760 96632 15844 92317 67101 66513 39748 48377 6958 26961 50750 53186 31659 97381 78182 77539 9165 53528 2405 87625 33805 34262 75033 
390 90
99960 57527 4894 14561 5153 37897 21120 94540 94755 32146 54681 90995 98156 89654 72891 87867 31615 27743 47460 61714 87200 82684 40525 89663 83731 99324 8262 38676 12462 60914 54282 33764 57374 58542 50770 76296 32669 81774 46249 86505 1586 67292 76918 56574 90399 90912 6590 51367 38681 83272 71530 17711 18349 36398 87950 13407 14636 45929 91599 62310 55690 86668 97518 48388 50595 47395 49505 33951 37429 49839 85101 95129 94267 86102 74717 26684 49056 92015 77536 32389 68523 58079 13891 45441 85951 12700 14117 75996 9543 56711 
708 89
20834 99878 53080 88769 23169 35143 46228 86727 75331 53484 53021 74733 8590 56065 3167 21344 61598 77903 81550 63945 7921 31396 1321 20726 76667 80290 59413 37806 34993 41046 27416 5537 35317 2490 98279 90329 86194 77394 80408 38062 38151 72727 23637 7394 90025 86060 41475 30209 93651 35452 48532 74664 96584 85963 92422 32779 35260 26694 92231 41375 25973 19974 987 21807 82643 25093 44774 16136 87049 4599 1979 10479 26119 24906 13208 50948 94505 30036 65216 25086 54976 65804 85647 68789 71454 86161 32110 24822 10092 
37 89
50583 66008 25835 35364 50289 79063 28313 65469 91657 74031 74466 56514 45039 49396 64920 69225 63931 47408 58089 87943 47401 90508 87757 21047 94785 4560 41234 35604 63988 38825 18051 76155 86552 52692 26680 97915 83605 63402 12339 82443 84894 91327 64738 56382 56645 85811 22817 85569 14493 89511 27587 58171 31280 47066 82456 96036 88640 66198 92756 50961 49948 4013 41757 42857 12479 58570 49184 25645 59607 15202 81137 18989 14071 26138 20776 57423 35469 55337 39813 36518 89940 22732 54548 1903 48535 4354 30475 40497 96840 
4 177
14716 80830 51836 60058 50258 38590 10566 10378 66572 77231 93704 99850 22452 47642 20618 25789 12769 45667 63122 23155 2463 64104 47828 6885 31696 798 9276 22464 46852 10649 54536 11444 70126 31583 25886 28646 13459 97178 54036 88317 18401 59690 99684 99188 40849 81065 53009 83249 40721 94789 78140 20872 44206 13949 14317 21127 34571 10722 28776 82428 69785 49423 60389 78370 79514 19523 75278 45270 4502 6229 10958 36513 76326 60243 90964 26777 89579 72571 23982 98807 79448 46124 29237 33439 83815 72166 63942 22547 63354 35357 12738 74548 42828 53674 91180 63539 64364 2537 99766 67907 17525 59459 60967 7824 57862 15220 37790 82523 8254 52775 92762 8822 39300 67829 71074 32918 57641 95670 17981 50355 31966 99251 67576 51254 76762 84368 32193 96005 65420 90954 98057 3510 10133 52890 500 81835 61781 61491 60952 18929 86652 42005 9214 34882 65444 55115 18817 70629 20595 87841 57089 8963 8058 48250 67940 75201 92524 55431 10270 15042 43972 16924 96362 31792 47285 39608 71697 79058 25618 85901 66497 48946 92353 18338 63498 26441 15135 
813 88
20730 99787 72093 90772 53602 66825 67397 67649 94101 29096 80667 61705 16572 86813 67579 93597 49173 82704 47330 99747 33189 42703 75533 2291 96444 54974 98942 69761 63628 16584 99898 46320 18926 15086 61447 13057 85959 81870 86024 43393 44156 46869 23737 5068 74471 21718 56120 19424 84792 57452 15404 20729 66050 5047 59845 37140 38818 6299 97130 73805 28385 54349 46049 30132 37569 48545 86654 31296 58941 252 47675 73661 46011 87078 5533 21079 21280 98504 28874 35065 13865 19602 79371 32438 98936 70262 97342 9740 
87 87
50311 90028 13338 26373 61192 98699 81491 21129 83558 33726 2027 51683 92428 31066 2354 6115 66574 86479 76295 9022 62042 41857 38236 24582 81512 2028 73969 86896 18872 26277 28748 58719 43136 87251 54032 61317 26785 9943 79318 6934 98724 58254 46923 26904 1151 42628 23186 18218 6341 77662 80798 40441 77578 74402 11584 23426 62291 7977 62109 77979 37222 48984 84522 91007 99307 74709 96987 63325 81216 50588 91670 96410 7205 35284 80985 92812 44995 31905 83871 29148 75498 61597 83376 92609 30247 66725 28844 
933 87
30684 15611 59202 44949 97701 98420 83803 98281 34648 88981 92206 16635 5487 41810 36889 49379 53273 78548 13576 50475 30055 43863 57856 58133 85142 64106 68963 69760 84526 507 37164 74897 44825 45635 24690 49826 35232 13256 1969 16535 14534 25680 88695 81264 89451 55710 25751 16591 68154 53370 56016 36627 79080 44147 20782 77366 96260 30867 23168 89440 21350 17404 87422 33384 51416 91140 27609 9421 61593 5972 80170 61226 54531 31650 9227 34133 95916 82245 3626 80008 66581 86524 65199 64533 99686 29729 58978 
607 86
78384 67897 45118 29804 87544 86520 67092 1848 96097 19821 53158 5175 53155 13925 32635 34334 21461 20243 50717 94135 6307 53332 37956 52613 84775 94495 95961 51390 17098 87695 71596 68736 27210 71654 94000 93751 16088 26991 40920 2572 9024 81837 34997 86085 5464 2369 82324 12956 99554 72354 52994 32530 40485 69896 47661 31981 30837 30322 17022 62233 35880 64798 82371 30260 90133 66484 39783 61771 93575 81802 93955 25945 90691 69222 79034 67780 20354 29508 61511 2060 4638 63662 82817 80831 27604 95841 
902 86
8287 46664 50867 4017 76347 65567 46759 30327 26061 66207 79106 89559 777 66577 30227 41272 81066 95014 34691 77157 2649 27287 82908 71653 79644 6921 29984 40336 6790 22514 50670 44321 87345 37566 99455 31343 55727 24555 52286 22645 10590 63972 99091 24317 26599 26353 19098 18650 26638 91236 51395 54093 74426 39848 68545 95285 83546 10232 88577 48037 92058 88255 74981 93819 31353 6396 59240 29311 74943 23093 4122 25351 76939 60134 42932 16634 23338 67302 63824 7369 38785 31505 48066 7207 6258 56941 
952 85
60467 45257 99864 67080 52540 31021 20324 65232 80613 16087 4021 85057 40724 92713 24656 51486 77542 2426 38372 35942 77252 54772 93085 29812 57751 75847 95583 85197 49870 52577 11990 4916 79847 23548 15871 57635 74158 29513 72024 17244 79400 89078 50821 76306 65031 44641 46856 45731 96728 29056 35586 84598 84608 61200 39418 3370 5089 31347 31870 8553 4142 88643 42504 62294 89017 96215 25058 52344 20130 61895 88474 94055 42667 57978 37697 90400 8083 65081 59853 80570 28500 91798 75311 24744 96862 
495 170
86434 24131 49998 36476 93172 57775 56210 36164 35432 27837 97466 32858 87483 95410 46511 75161 10063 49761 29099 87780 59326 45644 34346 80762 63293 77021 5913 20104 65418 69400 36601 13597 1464 11388 77890 74367 41583 566 8755 13791 48386 54782 68386 77876 15299 76327 33179 43470 65766 58135 72960 93005 49251 19350 56919 89937 73791 96767 75790 30381 35176 62804 13151 19166 30648 12331 35711 91032 41357 3313 80152 59083 29757 76082 46257 51887 1637 73820 87418 13550 49371 24352 77787 40663 21165 810 17448 15830 23723 16382 62534 24067 87975 10216 26375 10689 33639 48277 79701 43096 17252 23079 59404 591 89119 83832 92951 43685 7549 243 71193 40304 51147 30887 21301 39657 63801 930 19628 60852 23160 74099 91766 61209 42583 13083 24471 47586 56434 22917 81421 51748 94499 16626 75414 55744 32225 90225 84850 60271 41103 66597 34919 25101 36778 87959 73827 89065 31629 79152 74920 94241 1401 77359 33890 97844 64960 41246 28052 8218 20934 7666 40832 87030 73216 62826 79134 50491 23478 21706 
626 169
75777 19269 3116 11406 40220 34880 68611 34854 27095 60180 58143 23171 11336 68996 63137 64329 78693 80261 18556 12266 57526 47540 67923 8459 90666 28421 63995 69324 17921 28011 5708 66820 73624 46222 54581 93102 22326 7928 68897 32170 82379 27509 56119 88468 20239 68832 72946 91814 9617 35580 79178 67574 35680 31852 47436 26708 94767 78080 79883 11219 75495 62472 85134 21672 58087 84731 34010 98564 53076 86946 82555 58994 79393 95717 75193 90041 49601 13884 86428 29395 44553 59251 8147 71204 8847 49126 48691 58502 48782 54541 72246 73885 5728 17849 39666 2072 63691 18903 24163 36942 7554 10398 9681 86710 56487 30719 91577 79693 11949 31196 43757 39143 63566 92233 83391 74409 11491 52666 81659 28292 36208 42137 19975 92043 70418 7412 46284 49425 62659 4653 52083 10367 21732 64699 42985 42773 28368 38155 15273 86259 2599 61031 97589 84974 43553 3321 94454 59176 46958 82771 37027 36983 39736 4748 31133 78928 52048 53625 57359 92630 87324 39485 19710 37105 13462 32075 78323 13969 86023 
854 168
15774 12840 19335 24138 59957 82885 91537 54347 51815 41674 26978 9846 52942 27043 90326 19100 51465 98778 42988 80789 31114 62180 62455 26942 63441 23575 10766 40475 50274 96949 17771 94542 41967 61410 24787 12532 31177 13405 51139 76481 45463 94853 2637 95708 58080 31213 95698 185 71277 12213 65222 19899 61567 51309 96816 90222 80314 89653 15600 13846 8241 75116 79090 72286 67009 13780 31996 26593 5553 45082 726 57143 18259 70633 29433 19727 94138 60246 96179 64589 20141 93157 97243 87835 75552 66036 93214 82798 85526 9044 90697 60287 32721 45782 32026 75991 90741 4278 12706 59451 38923 1670 8819 8483 93046 89801 29530 67149 47697 92904 87541 60345 43766 4143 10263 8888 19274 59318 64494 92173 21316 88946 96274 57464 3401 54054 14397 94303 19024 74175 75696 50623 39873 99501 62015 33500 47318 88825 47930 75008 82777 14395 66337 52520 6295 57094 15195 27348 32739 16415 20907 17152 23873 50444 85338 53659 49303 39003 46564 96451 11712 46258 8415 52071 29702 99705 68973 53454 
491 167
31676 10021 87866 45573 73388 28373 17670 95707 78195 60115 1486 67096 34459 25964 75844 28158 80378 47294 81702 70550 93252 4517 56815 18116 96995 6302 51818 14524 37416 69664 92337 87879 78393 16952 6424 58006 88013 51280 32086 19418 78855 10727 24229 90181 72405 72041 53803 68467 382 73111 97976 98883 52510 94944 26600 67739 67394 48942 43958 856 93795 24967 42573 72466 15783 559 53679 7826 98397 27957 81518 58296 19229 39084 83900 3636 79921 50942 54656 40123 90668 90686 91269 81519 99290 18616 72592 79984 637 56751 39707 21572 73491 41230 80842 1709 5115 58650 9637 30302 57420 72740 27687 43336 82888 54268 81824 27063 76613 78768 17937 24299 98169 78180 31902 86541 3680 83831 27047 5380 41499 914 25143 93648 11543 23577 83664 97980 59491 57717 69472 48094 4821 45963 46832 14135 2582 77802 29572 11717 28964 32137 21433 6148 70688 67561 14558 93314 5309 69199 73403 63155 25460 12335 65801 83007 19564 11648 55985 98723 53646 36060 81439 85945 61199 98835 1906 
478 166
48241 74525 11613 44394 54764 94364 9809 85733 40006 24366 58707 86963 8713 52713 7897 94279 65893 29017 79412 71771 86260 59319 61872 60111 27634 58661 2287 60885 86106 22382 96844 45505 11853 6401 49504 18698 58272 21998 17766 44173 40754 15753 97540 34897 5195 46667 30051 68565 64977 99466 94945 95102 72250 16188 26326 61718 35794 44497 54773 75879 81318 56716 54562 9850 36079 73570 73323 25237 90286 31127 43998 98312 83737 979 21504 23414 79210 54345 56770 84043 72505 77107 78347 86353 1829 6459 24964 26699 7317 10690 36090 563 3896 26334 22561 81046 11618 19722 64990 58237 35390 75755 91223 10735 61278 5139 34412 61775 95093 89204 78719 46481 80089 57349 17794 10152 97785 16173 88181 56077 64071 38909 662 51924 69404 96065 371 31321 99304 34446 99059 49330 24316 99125 94225 50711 95746 16931 83052 79646 47199 85186 26898 70829 18530 59941 95682 3084 53113 79346 52955 37217 74773 78331 67766 89928 58443 32746 65359 51207 21941 93745 83852 6243 84180 57426 
476 165
93908 16566 45696 81594 68656 34967 39332 11057 9063 12470 82521 28393 63827 97674 52762 23758 15850 68710 33258 79494 16141 44211 71335 20526 13967 49401 11229 75714 78346 19364 54393 34498 71376 79287 56257 22719 4077 42794 45976 60066 83613 32077 49047 50486 78070 4164 91962 63481 40209 33335 41573 87371 56421 58196 92161 94931 6916 89708 97920 87533 8369 81608 25287 90298 79561 73823 63131 66470 17621 37093 5579 95576 66690 12510 1566 68518 66170 86858 16107 18725 23237 92255 93147 53148 94865 51733 98535 19833 83444 53751 20556 38652 40238 45703 92852 57724 10162 20214 6675 58501 62717 4629 89516 42077 89821 82415 77652 29887 4400 67047 57071 21600 17801 10682 67409 11508 87191 28058 1963 30273 75005 38896 98476 22622 33604 50753 76121 94186 9045 92203 41896 89345 57236 96651 99967 10238 4914 24788 50983 98967 65710 78796 93655 2350 79474 47270 52460 51472 97220 40364 73121 26134 27611 89914 58233 75004 67804 97898 6102 49928 95947 87359 68733 48187 81596 
270 164
86761 21589 82414 81682 70955 97077 87259 38702 88508 38132 6556 33983 57718 68598 47881 52249 29239 69396 42197 53921 82260 2450 1112 18925 35430 75256 24020 23378 76950 60531 5577 51005 82629 44847 67377 43541 62173 18182 14917 78238 24407 20583 87027 93250 79415 17385 50135 6720 88576 47351 15567 91753 70680 45962 65667 81904 94115 98082 89894 17930 59795 74174 61249 49597 82347 78547 25778 4247 43867 22725 71069 52014 10915 70139 98944 98908 61362 73977 21780 27055 74802 13143 41642 85103 33360 64296 70789 17993 99377 75873 72631 42472 91967 64625 43275 95625 51988 73470 42556 35637 6677 55460 58605 68016 94824 71528 69666 54860 54307 96275 68063 40195 69599 72302 26220 55255 34004 8164 14577 76838 73237 10394 59092 71939 24679 45338 58596 90714 70009 69551 25269 80698 41696 40946 90205 40743 86660 33049 57861 28643 1179 52390 1694 29654 14335 11232 33133 43466 46087 36230 48489 64028 61594 89179 11254 10296 5012 65900 59295 24930 51172 62705 96633 3795 
693 81
81102 41089 94340 12319 53365 30795 48289 67337 43615 52832 56918 80884 5360 60175 65521 30820 55176 11211 23668 33369 66512 52773 70560 82467 14043 98906 75524 85915 53292 2504 60327 87503 62239 5787 71761 1205 20824 15965 96462 58046 11274 9009 67235 66064 37676 99576 8238 49212 20757 38194 89362 9606 74536 27815 13155 72048 2796 65292 23252 60682 85163 49179 47203 50796 36625 93992 20687 76111 70382 69297 4160 42924 41444 77227 63838 6518 30026 24881 85916 82690 76471 
506 81
81068 26227 85433 65226 18210 21553 79260 26387 17361 11172 84202 34502 75081 78629 96721 58517 50463 42923 27577 39985 42706 48810 29534 31759 3120 11912 41338 3832 12853 92505 96249 77672 21923 75463 46812 87362 34375 36034 37111 42970 72158 1826 51047 88356 12898 34416 95566 13629 87298 87825 20614 99070 26756 43637 38446 35466 19596 94870 87803 81938 82078 78478 44419 43969 11730 49198 8582 58146 59249 74949 96250 71997 12778 28146 27116 51485 26320 58879 73266 69714 91751 
343 161
94988 552 26108 30252 11226 50507 89128 46326 81869 40411 24908 38463 96922 89702 36377 58706 25651 84256 36660 95162 3893 89563 15331 85747 87545 44857 46157 85319 31047 99116 62016 27746 31570 53333 28160 28581 52149 4192 65333 67839 25781 62186 79714 19650 50427 59219 60800 19761 16276 16404 67342 29995 47844 88489 30006 7056 11076 24527 26069 66087 48196 99661 60241 3406 28183 57951 20489 81605 37908 94557 37458 16432 55163 45303 29514 20945 88332 66580 90737 25555 11134 33448 39734 80827 12201 7503 45023 71666 49665 46570 33591 19591 2918 64258 90087 90534 55821 35585 86854 53028 65819 13301 44832 83745 76566 73468 43455 7120 99706 9499 71951 24627 1996 1738 4550 12672 16425 55978 7001 57392 76174 4372 59129 89390 96991 46990 12287 13347 55106 96012 10792 81015 62560 85455 93822 66642 1861 25482 97666 58042 52836 62862 75227 29933 73108 18938 9741 44518 35224 9366 97888 23508 7388 48507 43234 47488 43229 3668 34757 84041 54298 
241 160
82496 22941 77945 42981 32777 60886 10918 96750 79135 4621 83740 83202 31867 66120 683 4480 32632 83956 72794 74719 29651 64217 93785 50079 65211 22172 36951 92527 51537 91111 60911 82989 71215 32443 85177 92089 59714 75837 57499 88316 49632 98438 98140 38429 33612 27150 79946 37122 99053 25483 93707 80296 88641 22072 47178 68675 49216 39584 89239 14429 15886 76196 99989 88305 62022 23459 46779 26631 65812 6948 20137 65535 74413 76735 78340 36742 66551 94723 14032 66498 42150 85458 65304 87911 24098 70858 27138 85303 93142 75207 72654 35007 74345 50378 87696 78811 28431 57381 34077 29576 25648 1487 83226 35200 5369 74017 37852 87408 11578 48992 94053 78943 87726 41355 18404 52797 48598 94136 73358 83486 20036 21329 82591 62250 16654 59450 15421 98703 36070 19402 60356 24210 84560 60314 54711 92870 53761 58017 67182 62639 7281 72904 45046 69811 99345 77070 51092 85441 64231 16551 25524 49467 72320 8756 25805 87760 64941 45914 26467 76815 
387 159
24983 59137 28634 32382 41487 61280 10149 38277 1529 43247 83039 44795 20701 55341 20283 26677 19912 57144 90250 11019 78404 58989 55553 1811 90251 44327 44013 28213 90764 12312 38870 12950 52649 21810 7005 7125 47317 75947 44151 41495 72052 10085 82601 63085 88692 72263 89402 27520 7945 10096 41148 89272 10182 99865 82192 40694 71753 94835 35946 24819 23403 83346 31768 13848 45965 72557 93513 80503 11064 72766 4097 76381 43866 34749 40477 37692 6370 44242 59416 48800 28265 91767 33082 52823 81050 17289 12450 56638 65297 43928 91687 55730 88460 57874 76446 69081 53318 8667 32393 79185 44966 52172 33646 50179 21567 70737 56227 42020 72657 93401 17990 73809 54022 72126 55658 27446 97044 81382 95451 63205 33407 89314 53994 23249 16777 84773 64778 81172 52148 20770 23750 58164 23388 3941 94508 86795 36197 81012 18939 80245 36962 59986 21847 63315 95325 37631 55810 40385 70914 55791 53621 64160 13456 81319 53020 54248 61506 19811 28329 
244 79
92358 34616 76722 90852 10571 898 73588 28604 43478 25034 80560 10455 5534 9016 92069 1605 16841 90247 59381 90774 76576 81082 37342 6832 63426 43746 5621 34763 56542 81887 79111 33794 60695 16431 24692 18264 94192 90713 6509 62140 98481 18671 77904 42618 23887 32869 42733 20 75946 8005 16263 95006 21871 5108 35643 69537 22378 4680 4059 87508 39456 27309 49241 42749 64400 72731 19174 87648 62036 16823 81908 63297 49644 82916 41494 53465 70263 3522 46246 
27 78
11962 48688 9444 40689 40628 11489 2425 61488 58487 5837 13614 48201 31041 1387 87437 95971 71449 60194 15275 53221 66789 14915 8551 65100 20142 71562 89356 52098 50730 47310 36395 1477 51399 23675 12091 39425 3036 61839 80607 62938 47708 96061 52648 70204 35985 41306 58666 41023 57639 80795 71199 59904 15063 75257 85359 63955 57566 24246 43105 26179 37604 20955 7413 42488 64910 93708 80367 52939 94534 55397 86971 93798 32580 91082 99175 56680 33138 81064 
158 78
90949 86371 10580 13828 4977 84417 57946 87523 26397 71260 1247 97709 3647 93446 6902 77748 69541 78396 66424 1741 18857 77555 60481 82652 3434 52940 59812 36447 94799 5152 59983 41677 26858 92268 46776 33177 23340 3968 68466 94300 45065 47574 37966 28000 37927 39400 76871 65117 6248 60513 82247 82111 5967 38092 35117 70449 42838 61418 1824 75695 12057 10376 71946 8002 84076 8975 91573 30277 80592 30200 84539 93572 17556 67733 87643 34393 48756 43861 
970 77
37804 48963 24625 68593 92459 85151 84726 87738 73605 32283 11897 28232 65853 82447 12367 74129 3678 59327 64132 1972 27413 43696 99585 26907 20663 20339 11532 15032 97346 49341 91957 99120 60263 19536 7659 59541 82023 34772 27589 53804 96779 39328 21443 3892 90358 69829 38457 90486 12409 18293 24436 13766 68444 31142 49257 42536 64628 57789 85570 21645 12947 64245 35815 11555 85272 61513 86304 67203 75399 16596 82234 27976 11723 82300 71709 75910 28082 
23 154
71237 49586 828 6991 519 39629 14221 8932 57563 90837 97963 69900 70149 15363 30515 10477 85204 86991 73556 52401 92839 83254 72134 47373 76251 93826 62262 41670 70685 64426 8573 19143 70233 254 35373 63864 25452 64256 2763 22997 4093 73710 91467 96364 89449 76826 63986 93925 61053 6456 49443 41086 11452 54998 21372 99396 36525 45651 65873 79967 61015 54604 28969 4453 560 8945 41484 78274 88598 96669 78351 56895 84742 88683 7360 59499 1174 37288 23607 81502 41269 85585 28230 93873 25947 46929 61989 33873 93636 57743 97568 72258 45596 85578 87688 7496 35226 8928 22117 51454 4412 64617 69451 28666 14639 19850 47728 287 42317 76787 3073 63133 84307 85894 44556 47264 20600 49704 59882 97631 70710 85130 81301 31409 96718 37239 93903 72185 7445 61439 56853 81412 60032 65498 13267 37278 62559 73501 20744 56612 25318 245 12147 40191 96497 40859 83380 37327 35541 70223 66946 21991 36817 89550 
779 76
6157 73120 32674 89505 72377 8456 99874 48319 70714 9484 413 46909 1925 10654 20903 59349 50634 63621 36572 21132 64087 72337 61173 24847 34148 45592 23957 85812 51581 98502 79758 77140 25396 76316 82541 92618 20530 47396 93700 76219 35881 30584 79549 42872 85113 71147 51347 95195 60716 91929 85699 7244 75373 61767 6683 82121 19604 91450 83880 70895 79181 39263 20536 17773 67910 55150 24445 80373 51758 70169 59182 85923 2047 37979 1535 38442 
736 152
67023 54886 40551 76443 23309 95113 78066 51181 67029 73519 14212 20704 25772 52557 10086 66539 22601 69828 74085 35444 90499 99995 49604 57663 96527 93620 34106 49866 59907 91762 695 33431 36923 45206 89860 77253 21452 40798 57224 13678 17420 7979 73384 1533 27046 46443 87405 3102 22608 72655 16769 73961 48331 24408 46343 3194 69078 64690 90148 9267 25742 69691 76132 93173 51160 85657 46354 14244 22700 83321 75191 40717 47441 50349 58147 43919 40097 84597 18432 14780 41826 49201 76805 59118 59514 87237 20936 19904 21223 91018 79114 22284 29993 86518 14439 52032 84489 98083 1412 66473 2029 66130 67324 20469 98381 72688 53573 59340 53980 12383 96629 93851 91528 74574 48023 9222 38575 50990 98202 24255 10891 39760 44862 67510 57796 10110 42081 88956 17850 45760 64037 67950 20992 64185 88593 15607 50251 77261 19324 56766 23691 7136 95557 49492 64612 63742 36826 13920 46438 51189 80235 50388 
665 75
33269 3662 42416 89995 10158 34982 81833 14847 90287 20428 37208 83818 95379 48198 50732 90907 66290 41840 67552 87970 78831 36623 2172 67573 98732 30870 62179 91980 70425 1531 20201 53540 1752 11887 7123 78504 93379 86785 41422 27840 74386 96691 84435 5866 46040 32219 59677 78836 84852 13840 49346 76993 14756 86399 97115 63936 25213 56230 49082 84379 10341 96213 38557 55551 64872 69211 65650 71429 74741 44797 78761 23137 61543 52985 50195 
959 75
65599 15966 36263 47976 95920 43218 23063 25066 10002 31818 48168 21537 28263 93466 84881 41621 63342 78032 6378 75976 15785 11772 80571 17495 73826 77958 42589 97989 47291 65773 42653 19138 57027 30288 75623 34123 83841 44395 93118 75834 89634 53698 26477 6448 78378 98563 1053 42299 60981 7692 62951 98173 41957 48742 83 23633 58894 94619 22322 37937 90592 50213 59961 69747 82724 36441 32312 55817 63318 47502 20049 45311 82445 72967 6285 
125 149
24274 82267 99351 3270 23556 1651 33164 28564 60788 19105 59263 76183 73405 9305 77474 60799 6219 92888 3757 75385 92141 12931 4965 68574 69374 14817 16186 38232 42747 39828 27026 72711 62017 25385 3007 46965 93059 56605 97733 91126 3641 77713 37647 37223 11988 37185 58626 10707 90869 97325 11611 81955 11069 96670 95910 8598 47286 65465 36940 10785 91483 8367 29215 93941 26362 4310 14142 86044 2214 85629 88575 26403 37490 48209 98417 35883 85841 54 34658 31297 94572 66474 98232 78227 29553 28642 85165 31391 78660 19871 25476 21070 35160 64070 33151 14610 61901 72138 72609 27168 25044 73585 32652 74114 14427 63282 59835 76475 24234 26416 19632 9248 17373 39449 46135 71948 51376 423 77622 86540 6339 80885 28966 46305 427 64281 56219 89184 19635 8883 5806 27716 58901 46871 65306 54706 89543 45172 27452 53757 50661 83591 29776 24802 48120 74919 77579 32329 46711 
350 148
77973 48068 43339 17524 23282 11199 30000 32945 48860 21429 5817 13870 36075 48709 46545 65681 18196 21631 76780 83472 81187 79482 8124 88566 99792 60922 16359 57644 47634 97170 5083 25752 12932 69328 94998 29089 42826 56237 40566 20598 59029 86697 91772 85246 46362 97882 47290 17582 5465 3288 89157 17213 40950 59062 11054 23480 45284 51762 61227 56155 69144 77831 4401 81601 99899 34336 70548 34448 20578 38303 47378 15371 9092 10103 72230 43004 324 30853 75224 37497 34462 61189 37686 47283 29646 53882 55077 75751 16397 73499 31485 53245 93112 69782 77078 83035 63890 54527 43600 6588 72013 46781 80382 27960 25609 14446 9605 23899 41613 36335 40251 43091 32097 39047 28820 52387 16703 45414 94286 13898 40618 17752 3306 12764 93013 98123 90233 63645 52519 25123 43302 82949 9953 23470 94888 56042 54526 36614 18759 48958 78208 86108 66565 32354 19111 33166 87019 7282 
82 73
94427 9965 74817 98639 43543 35839 70156 57275 20668 86280 73030 88665 76430 31520 57333 53781 76268 91410 59437 73714 82204 6420 24571 67820 63804 32539 43642 81450 77083 62171 36917 55938 34537 81552 39969 13367 91355 78104 74244 18699 33418 1282 70707 31292 84319 10262 53094 84501 33823 62979 74592 14165 11370 11496 31834 45634 58566 57226 90216 79053 57780 91552 27270 77399 22409 82392 71738 65730 15908 87737 59643 93366 39591 
669 146
88252 14403 84427 28521 5570 70123 67618 78154 19082 87257 30029 89612 56509 75247 26849 52147 25957 60762 32895 39336 70239 82586 36051 34076 52274 2754 30738 80305 70937 94370 87723 28801 53243 14164 59254 54532 83184 69201 43548 34390 73664 37257 58460 85468 24416 67143 6700 8034 64038 50931 86337 97523 23743 11847 49617 96321 48052 30723 87686 58658 52143 40751 12518 60506 22329 33262 60527 49253 31190 7350 87325 2720 83318 8891 98116 63046 93850 64325 64380 38835 61763 14334 20902 46762 98 8216 43140 99540 78551 9760 38856 56930 69213 97597 90758 76626 96488 82439 44511 77007 87690 33095 14537 32359 68298 67408 33453 4689 57877 62182 90659 94437 11129 35964 5452 85089 13216 35475 61169 1239 7844 39002 64303 10227 26887 23964 73356 57990 9487 5270 11313 52213 28544 50182 25119 98467 71702 26150 33353 62436 56832 24345 28614 35659 27986 96243 
555 144
27073 28567 49808 13786 45506 1395 62157 48567 6316 8937 55925 10948 75284 40648 1603 52563 88143 29647 87305 19132 98943 58547 21369 70499 80533 71394 80751 42802 2222 29698 25336 18400 30491 80737 54106 56714 50208 62932 85706 19343 79890 24905 22592 76374 68180 79610 92999 81441 78697 43458 48713 23796 1774 94347 48895 61212 71552 99038 65101 41329 5561 51281 12734 75792 77010 44317 27872 97951 65310 85953 3182 39669 10302 6149 60830 8899 22406 81036 73164 70480 28684 58267 95086 18595 22010 96085 25319 92137 42305 44065 5585 85662 38541 72605 84657 41555 91229 87741 16480 10431 85943 21098 69079 71208 56952 82529 7845 25987 96552 94712 74683 23677 56428 18768 68900 7229 94180 40037 33285 54192 89539 67303 14399 6540 71426 93260 26157 53095 12669 21675 94462 65830 23410 43868 71564 96939 50682 4162 49249 57757 27485 2009 81528 27297 
700 71
37253 96361 6100 31811 22813 80385 41526 1399 9447 80962 53586 70166 49386 74842 68479 36532 36798 79396 84205 96246 70945 10787 6279 98164 55850 21133 66678 19401 87354 87319 81352 87490 26542 3796 86901 87582 946 42293 97746 64752 54044 92053 32834 96201 57442 56522 59776 58303 97932 36506 8283 40350 42282 95470 89808 83316 78354 90055 26871 73229 5453 96110 30551 86381 93459 79496 77470 86754 68355 78628 32469 
232 70
70524 95207 21786 63550 91675 68610 78993 70289 96373 37492 43547 64096 55259 68135 9603 86206 99803 23065 3503 72043 52750 13749 99534 9513 41470 15393 75115 92674 18815 23815 43538 87745 35608 2536 70086 59807 58250 74533 44424 8137 84778 3779 21188 79176 7191 59281 98522 25575 59498 57203 83663 84330 14444 24327 95371 79513 46999 97435 63244 59211 2691 93553 97551 805 48909 99387 3493 41176 25373 4482 
148 69
34556 72800 53614 23857 37681 38323 56469 66752 85029 27888 54310 51049 84813 67773 29987 93946 28149 61710 7498 45936 75111 85305 71505 94458 35887 71477 88748 30941 83257 31879 90796 12544 54937 23261 61618 25001 22141 68383 44833 39064 13164 1935 46213 34545 89518 36213 49545 62543 87213 80914 34561 31397 72012 83168 52560 33458 84015 97298 16065 15112 13667 493 56947 74457 84637 40537 95672 73026 26487 
239 68
57923 3951 43262 79863 82491 88647 96466 21627 48182 42799 41139 6264 46467 76644 78678 6464 9685 70364 91208 37172 26496 43596 29894 73042 87045 10023 38861 46802 81970 43157 49254 6823 60441 79250 96953 18388 72141 76069 14201 12590 57434 9627 38444 85799 40647 73694 8028 68276 39039 12093 77119 73207 77927 83808 45890 29027 33161 57779 79784 62824 3222 29744 52646 93952 66302 46684 11677 18128 
577 135
50808 43968 20682 73444 72748 77856 97734 52760 86603 4803 92441 73299 89058 99854 68172 85931 65436 30435 55822 51369 93990 49418 37616 4492 34552 18249 32647 40242 97201 35262 40321 79605 5844 7440 16326 54568 52926 60361 41134 32561 61605 98777 55923 97864 26417 97312 7960 57993 77012 85091 15632 18460 75712 4432 81739 27671 5683 37805 81265 81070 30466 29922 40900 74093 45995 99118 56018 60018 57987 43959 82183 69076 26420 73371 26205 15711 42886 59817 65185 83368 42287 65170 13831 53018 91143 77868 6205 90618 90657 86900 37890 30305 13264 21052 16669 28423 89964 6428 1732 33197 88126 2532 51983 60616 71160 57816 18797 64679 75309 61367 64913 21415 26152 94315 61867 15259 98670 82810 29720 35836 35039 49845 19450 93993 31094 69226 35094 91956 66306 18347 96619 31201 45320 81222 30105 
852 66
12099 45546 40862 90738 13601 47431 11039 25792 50855 4988 24376 83171 4841 13201 2714 62025 40000 43922 83407 32555 9659 62477 78158 82999 5424 57714 53983 68896 49167 80402 47327 77337 60143 51780 61024 74764 42361 36544 95446 47887 81514 46985 76363 91441 47751 3137 82833 37549 16606 11380 28155 21337 2882 41253 23686 39246 53041 29218 18007 34793 85015 88992 76837 50266 57517 221 
388 66
3461 44768 49918 69491 54576 59710 82331 7426 99583 97694 55977 10357 95677 62365 27547 36822 30457 27445 49290 85201 13316 79298 51364 64677 47226 93525 20092 18975 58766 48393 7493 15590 71832 20635 12451 74869 71887 17276 86294 65863 31107 23913 81396 23608 61910 48850 26517 22598 18280 82837 2761 21060 59210 69939 6821 67971 75326 70056 60317 81465 35610 82282 85862 68297 73715 4489 
995 130
86168 43855 20943 28235 4068 14226 54265 98235 94986 45869 84146 2393 74486 15934 91597 18151 98914 32644 17154 56550 87707 75891 32574 2937 96957 58997 59156 60030 77479 62920 99908 2374 10352 68542 98801 30018 9451 90834 38642 43895 96438 33778 72030 37591 85388 47846 92829 3183 27513 6361 67723 28846 30924 42373 20778 66380 89397 92492 4948 91156 9661 89482 85357 85483 16386 765 48534 91014 36813 71369 81099 7434 27874 30439 33097 23879 43946 60772 54029 83648 70819 78842 12803 787 1167 6304 13607 26956 19994 1328 98530 59051 48466 79103 56585 41575 41225 95510 20975 5498 24917 42206 36559 57648 43938 93276 13040 28210 69844 89751 30311 69080 6663 58518 86861 10563 68404 1130 2305 77770 9225 55023 30657 38965 33209 49762 61281 78694 34363 24893 
894 64
99178 45724 27330 162 9679 67476 39493 41021 60942 7740 35618 31553 47004 17374 84323 97198 62221 79994 55343 17087 75088 47067 23139 62520 12371 75766 32593 75163 78514 34522 63102 33619 53595 11667 51052 96019 80272 48206 39462 51613 85917 13519 71595 14322 22867 43376 97080 53866 82868 22668 46866 72340 10546 70523 81090 13735 58108 65032 83310 27074 95186 70268 55620 37115 
69 64
14377 61213 27360 56478 88039 65239 3706 98194 72826 48970 64077 24 84969 63533 45273 67312 92787 19179 62225 29638 4416 82285 63811 41082 69086 99816 13160 85406 30112 44470 45756 5675 75527 23049 43552 11707 98110 10848 16495 62174 63823 16628 62845 29816 64542 8297 71090 93273 43489 49683 70291 83132 50600 98606 55302 62607 76011 60959 31327 82174 21174 64577 53458 80832 
691 63
45863 55924 33134 72857 16380 99207 1134 27971 42446 35361 59762 72391 22215 51011 93382 72914 48395 3294 38432 5611 36425 17594 34933 68293 26927 23165 28922 42723 58839 71582 21685 37450 24175 79280 72379 50307 27122 66102 63265 8616 95998 67541 21257 70259 83395 9713 29866 7671 45501 78024 37950 29536 7127 22582 21265 62868 48792 40088 1537 68591 62634 52801 19379 
848 62
39404 48977 98519 15999 28051 4238 42367 64703 91492 30243 92344 94230 27029 27248 34801 49469 54809 66475 53556 15079 25399 78597 42249 44338 11036 87462 63553 88480 10019 79300 51873 46939 32279 12323 60331 8600 3804 85506 53377 3927 86244 54895 17716 72670 51185 58559 92958 96511 7411 84140 44481 3864 91665 47554 19014 26913 82271 16078 36406 86563 38273 3198 
969 62
6670 5239 22707 68039 70490 11148 22816 15796 53628 81570 13483 14880 27725 19746 79968 32130 62333 6962 13815 41404 29328 41807 48320 6845 80076 66952 77860 73901 76388 22436 15710 56950 67799 24415 2135 62164 75341 15434 43391 20502 5338 28961 38054 25252 3849 93133 31858 77385 41740 31707 39838 38258 19855 48618 22038 28061 71194 69127 18910 40692 50128 53944 
828 61
48412 35187 98363 54174 18920 86521 2400 6090 31980 2586 47972 22991 90292 31144 3309 31871 54016 36675 91746 87297 6579 75194 38134 4105 52734 55606 76655 61931 28182 20249 13178 94974 94754 43392 37036 11856 99663 81039 77720 78496 39444 44398 68820 12292 69115 70122 39210 77206 37971 20017 13049 97257 2137 10502 94410 89662 11599 49109 28836 39190 15570 
556 120
32626 28452 94639 30711 73545 10691 42978 89945 98802 74356 70021 76452 60088 83078 26842 45587 51204 36694 20059 88724 18626 86830 9928 47984 63000 61470 16660 64433 75558 13329 76743 10140 68238 40975 21502 70649 36426 55048 3208 32879 91303 74901 3158 31465 5530 70347 77532 47427 36133 60526 93736 74144 36352 87863 23005 55643 12440 16633 30517 98340 57083 77669 77257 90851 96535 11620 72595 41846 25629 72973 67812 7279 64764 79091 40142 17355 40512 51081 55489 32307 39259 12694 51891 18183 99876 89445 53688 96757 88273 77484 66426 58855 11935 85364 72666 67162 85413 70836 9017 4928 48721 87057 3295 53175 45075 38630 81115 23345 36180 8159 53000 98965 92940 38895 13628 94432 31831 93878 26673 61522 
520 59
9005 47390 88274 19170 85026 85283 24006 77244 63613 56821 74042 3524 77008 29528 68251 42291 2273 15839 35122 51308 97032 47479 37137 89981 7212 2246 80014 91417 3868 59034 9425 17933 58493 32442 48441 48634 70378 35495 29200 40095 15428 6829 24013 88142 73896 23456 33433 90750 21529 50824 4639 20758 78901 97827 67518 67353 22024 38775 47874 
117 116
69420 31631 23999 39164 68568 15575 45638 811 78983 1710 2228 42580 16381 57429 54018 55888 33190 36400 25419 69571 76611 56841 52219 84121 46994 30983 51823 26811 3219 60353 81560 66654 81763 60279 4529 20499 1280 60613 64389 1622 85919 76154 29064 89324 37902 92002 88034 47444 39508 6973 58066 68947 12095 54872 33891 37733 59897 31777 13286 56058 91719 1658 55708 18890 99904 63703 47877 95406 21496 83975 10231 97402 16879 95297 86079 77239 85926 32457 62168 96980 73883 93972 58930 28554 18050 23312 41854 13862 31957 18705 72510 48293 77388 80721 7147 51696 83630 1144 40247 8873 57711 51302 62513 41654 1207 20571 77561 34624 13496 24684 11404 63057 72190 81195 69816 71459 
335 114
89473 21064 8950 2295 98295 7306 54977 58155 12028 31618 71037 56720 35737 34847 89053 6614 33003 32714 83858 2373 25939 78601 91163 74011 68371 34079 72115 7724 75936 76850 11030 58402 54563 77914 71812 44625 6400 34015 6523 14009 31670 27471 16037 15073 75921 66611 4845 82018 70565 98731 11034 67581 71700 21397 5017 38534 28024 93083 47923 89626 40315 6548 43722 39600 72262 72034 30599 4746 1950 36814 47515 27673 56426 67112 22368 34849 14312 15915 32066 91604 80151 18880 73348 74978 70219 54330 32996 43804 52318 49738 90310 88913 40965 80431 19396 52549 51723 93989 4277 97413 3342 37601 40091 95567 10770 833 9486 97042 70307 28671 65737 70983 4434 66966 
830 56
4631 75062 6419 8315 81302 45022 28925 71222 86564 73396 55684 97675 13179 11755 67250 16102 16844 97986 92543 95418 78192 40757 98917 33988 44080 93905 55396 61664 8129 34227 13300 4270 55006 50607 71224 42233 42929 9501 7634 71146 91216 7997 80495 48141 40410 88178 76490 26037 73017 63350 57572 44323 59691 14911 81022 27821 
678 55
62710 61995 75160 15085 73780 73571 83976 31033 74908 7491 64429 62630 72111 36974 9361 89887 94709 77125 92003 3633 96503 39578 82301 35781 24223 89764 73521 73340 72167 44237 97713 41307 43461 480 55043 66477 93052 31953 67598 12149 49759 99015 50861 27376 61645 52673 39042 83114 82920 1964 59715 64714 48225 27523 26757 
304 54
19039 12788 51874 42238 59545 72032 23871 19045 1177 845 54447 77154 59169 42918 84534 73409 42214 65980 59454 89536 81286 11582 55693 92004 23773 78083 40011 45217 31685 26919 32690 12541 21204 35932 64411 74931 17421 33592 26361 20563 96326 83314 84882 45988 13553 49338 86569 49944 87438 968 44831 66476 63593 49479 
971 108
45258 55807 49334 60544 75951 64923 72836 43439 3162 35026 95840 81401 18305 88176 81909 80499 4283 73288 231 69140 62894 78668 13394 78723 19047 82332 97542 95652 58890 48455 98746 6037 30251 25641 18584 46862 45957 20451 68743 24660 32274 10556 26737 76555 32815 42721 49402 31061 76819 54430 16284 1442 88941 4522 39148 80333 93674 42668 57965 4535 70072 97023 80695 16824 8048 70736 51901 29924 93551 38262 6075 88639 53951 66291 12607 56391 16565 16934 34864 106 84805 1589 46245 29509 31275 52947 43073 59204 8466 45387 90946 24271 1693 58625 79182 43952 36359 12398 53044 84659 93821 76258 50008 5122 19958 16395 12874 28780 
993 106
69895 33501 16460 45491 18329 40225 20915 58891 21386 54480 88894 85807 4094 23574 58874 79483 18310 7581 19867 13634 33656 64710 44180 66613 89080 20696 67713 53194 71977 49669 63391 64135 69582 36853 52636 14012 40888 42467 83962 90311 85211 69870 53213 32694 2388 85260 74896 91992 56046 53443 93482 44517 79922 51995 67884 17574 57100 87673 66034 9087 88218 2847 15759 83282 9592 28498 91649 85196 23275 71385 76977 52781 78655 6210 41873 27341 92902 99692 87349 85235 3023 36074 98507 3221 711 45329 58059 83179 55676 85663 54547 79343 73362 16752 23884 97592 38893 64925 37009 74763 73508 92448 13421 43370 67882 84820 
589 52
88561 24998 80723 35334 26432 59396 24202 49481 32802 54540 91453 44684 97254 95370 29578 85610 1713 37701 69083 39478 18103 25797 89727 23896 22259 33557 7514 76965 56682 98320 55646 34843 39026 25650 66118 10155 33851 17210 84340 68290 40989 95602 80544 46283 38491 20960 91183 6892 25761 51955 64602 87732 
142 103
28779 45814 86319 28101 54188 34230 12157 87997 73971 46097 70846 35136 83453 63743 37244 26564 31667 67499 46115 72065 21500 25899 19651 59405 83515 61671 37018 28912 47639 42939 13691 3981 95161 21910 97132 44572 72787 246 60068 54065 70032 67854 44227 21735 63929 2959 97664 94497 51023 99323 70665 84504 1281 8620 4667 80651 27411 15072 72248 21837 26718 32429 75874 28164 87939 93186 19595 91936 30146 94740 57578 88240 47837 62388 67268 25327 75236 87524 42076 50247 97516 1046 66871 41394 80877 90545 65701 46392 70844 932 8841 59900 26581 24891 10117 47570 67859 23448 45422 24158 38063 20211 93219 
359 101
2410 63529 69099 45851 48814 29212 50194 34465 80446 10219 26207 94051 94183 63962 68060 95704 45612 86497 76356 18402 11320 95814 24468 84835 7714 69036 96174 10287 47794 21435 68269 34845 23590 70927 30770 93884 76773 21854 52675 60661 36686 34912 97398 94895 80034 55735 46517 389 56885 59044 57645 66150 95183 62146 25024 49453 42914 93505 11604 61526 70733 16206 28153 90676 48454 56533 55964 52545 53800 82202 81355 30529 79341 94416 35303 76400 61750 59926 75605 54765 80699 98203 80356 59079 19513 33103 81588 71981 30538 73667 83296 68212 84952 84506 13475 52423 6875 15504 6290 34661 1011 
630 100
95440 80939 93697 58252 30944 37500 85860 49647 71393 33317 89267 34183 6931 31099 14666 19910 32914 91312 78007 37324 65724 18508 7339 14572 13914 34429 32089 95699 77489 83349 56406 5331 69169 298 98511 34850 11165 62415 82404 16967 719 67185 25064 19294 81166 1759 67090 39298 61223 78466 75573 95205 88223 66999 13513 32916 68915 65115 1930 47960 54066 272 26226 24756 15109 77824 84426 10120 29653 48069 26247 56879 92365 6589 4263 52476 23728 65231 34601 20043 15954 3504 95341 84620 91514 63200 23564 93532 61909 81067 14632 89401 4034 80364 41426 56619 97577 80154 22862 50850 
512 49
4461 52941 58837 33471 8492 79550 48238 74656 8640 96654 37171 90277 54226 52303 7956 50847 6045 40162 56394 8601 86233 17468 72307 47088 36505 48061 81369 27812 87647 52870 42605 66388 75999 70328 31907 9785 65722 19851 86203 38181 28463 85942 25720 59847 81799 55463 29591 14793 85626 
320 48
88451 59892 45664 87804 5317 73729 74704 96306 24096 15804 64010 55955 16080 34852 61240 20788 29543 43059 96411 45518 20494 13888 24676 80309 96909 1038 66483 93810 84843 16081 29636 843 24971 61217 25779 53425 20217 81038 89104 46841 68419 23741 88028 85050 53242 26976 94227 28645 
793 95
26101 75817 55538 13740 37262 12709 37528 29585 32486 31643 436 89952 94707 93947 50510 54445 35588 59809 37856 33338 58898 49273 73022 13014 21170 35713 92608 29512 59214 98026 66313 35765 28629 78725 31765 69367 59590 79750 87352 51547 3949 66504 98193 88394 16804 48651 92581 56706 67197 85254 47302 6461 53209 69851 46738 2311 41236 44361 83523 72393 58513 62802 48973 41350 83535 14143 4474 44892 91243 41005 89521 46421 33641 3455 58791 72833 55583 14848 30833 49069 86143 31963 43031 74128 67220 1323 2766 16765 30411 56473 81162 16986 33312 91222 7929 
639 46
69203 90514 58065 86254 96375 78709 623 30264 56747 81524 19503 14774 4396 28756 70178 10289 99244 85751 65303 11164 4120 96254 51534 45802 43892 52194 53212 5011 80187 77328 29471 22478 40135 4212 47031 36132 46480 23047 92307 99589 58068 99724 59389 9427 63848 59617 
455 92
87818 7875 54129 71132 74075 69026 97974 70558 41837 70317 72714 4842 93116 50987 56784 24045 18818 76068 23923 54444 49951 18010 97758 63044 8840 98901 27999 74675 94161 35320 36006 91733 53516 71317 35336 64996 55386 90672 22791 91227 49792 55244 14563 79173 68673 53790 75133 54332 26087 99858 90428 33350 44711 76494 63437 47326 52426 98786 55314 92961 9735 93930 55320 23238 63230 25017 82478 84421 76663 21024 35518 10844 47324 42766 83666 82679 46261 45566 2103 80344 30754 45604 56344 62068 70718 27773 69087 85519 76067 65252 36752 72671 
944 45
24606 80713 78082 11270 63690 42793 67242 84357 52916 15812 8480 84465 69427 25906 29323 76938 57287 22778 71491 34878 90320 79403 66046 92070 60148 52268 46022 90034 98810 71643 74332 35640 88517 56081 15096 77589 55329 3136 18439 83721 55951 7926 79256 93154 37313 
737 44
38077 3483 11759 61756 44350 46383 84026 81076 10592 94308 829 58399 38479 96082 96796 66235 13307 75419 29296 14718 71418 39250 52707 9575 54368 96514 51127 27438 39930 92814 40773 23681 93834 63209 86525 31331 53731 15377 45577 27731 40579 52028 92157 10482 
150 87
27753 52764 99410 75108 57593 12844 81803 93518 84163 43085 17908 87529 87807 85724 19937 61376 83462 54292 29016 65396 65090 21844 26290 13690 38352 74624 39952 57507 31235 93305 48658 51387 87664 68535 25845 42419 78818 36553 5695 46788 52151 6064 392 28818 61069 72810 29182 96142 25309 58417 25897 66874 76000 56570 63336 19933 41733 70016 29352 99087 71944 9636 92752 89303 53748 45116 77790 54429 30552 67818 74469 99524 58695 79609 55521 18023 64545 1591 81209 71525 45243 23627 92192 6685 91064 82010 25338 
60 85
48119 99184 91102 52013 68750 22947 27494 89538 51923 25881 96879 96744 39092 31080 31424 77101 90722 1524 74984 77627 3456 22247 63289 43735 6273 28283 25417 90059 71591 72556 71168 96914 96156 76250 16352 90423 70220 25715 99838 5158 14053 74231 29991 31632 44072 33691 49432 22458 9639 39921 18001 77465 27205 32724 98847 45050 96051 30919 52454 68376 53142 98338 98607 7036 26928 56445 15154 39128 79172 99785 43377 14609 2917 98264 58081 53114 53369 49608 1685 35290 1443 41977 24560 45722 24619 
366 84
20253 97610 89643 79700 44200 66705 71134 90103 43326 73458 64756 69123 5748 72410 71233 30432 75045 55885 16092 10938 57544 88610 43325 49531 66061 56340 91506 61492 89704 70516 96068 89977 47883 56650 29206 22328 27556 51615 18965 20006 90235 670 58938 28148 23440 31055 37831 38698 89006 93938 70824 6042 8781 60469 74655 39923 5233 32596 50746 31215 87783 23539 18071 4399 52573 96112 15123 47215 45623 97395 31580 56561 92560 46429 89909 65486 86455 2923 88504 75658 60259 36634 78257 80179 
267 41
6951 47553 3922 57843 84259 36043 52422 86311 58379 17584 97906 12202 6235 33652 73582 38499 99918 8063 24705 44005 53298 79457 69839 34051 99106 55932 57570 69294 62092 15362 5858 22610 83932 66828 93070 76289 23123 91491 11900 58082 95261 
268 80
30575 97134 53043 82880 33763 70101 36743 631 92022 33936 52338 63215 87327 45117 93868 16631 48254 50003 36515 77148 85875 45953 22219 32246 41202 82750 24117 66154 14781 70746 68421 95505 28606 79974 42229 55456 14271 38613 73267 96072 15712 93131 10834 22030 49380 27456 90974 24537 164 27361 89976 24068 13901 76677 80146 13032 92742 75692 97047 95601 40406 85287 29975 99286 24987 2681 49206 3723 19538 83502 68300 18369 61530 14570 83186 5883 56057 55636 37188 44279 
587 78
54892 57976 47363 91155 72265 19579 43779 32732 69971 27982 13751 92757 13058 27615 91117 95434 39756 58985 61485 14503 10619 98388 49524 24193 28141 70077 87481 59813 60551 73833 24569 53984 73285 39858 36837 87115 99374 72132 33259 93913 56326 61722 29555 69356 60737 26399 52733 33717 10976 36254 10372 70890 72191 5526 66728 13960 1807 60145 21141 60193 23114 72817 64790 79564 16358 96429 58958 34138 61873 19055 41037 73756 59147 97303 99164 58028 91321 49134 
410 76
92860 74508 99359 31318 97487 90734 49698 53598 54197 62457 42859 63682 16569 64403 64684 3778 8463 50657 14599 19990 82391 55297 52612 5915 92957 54121 93618 2963 89339 2581 3928 85135 30808 43903 9759 20294 5867 23567 25120 71381 55656 39391 60818 42221 13670 65472 86305 14884 19548 94625 83893 43213 12251 56744 99423 78181 26395 73558 88453 11084 53060 93796 90196 81364 31824 44954 50151 13184 21712 12927 51908 68186 75443 59048 75911 40586 
443 37
42797 56446 8796 25422 57173 68394 40167 39297 85814 52724 6494 20040 91741 44006 85745 71133 91336 52459 95306 87130 84588 7497 56009 58986 646 20238 3606 70428 49494 48055 75078 91482 66717 78371 96785 69005 82972 
795 74
71501 65336 74924 57108 61691 11966 84819 17562 63482 84632 80062 76749 88735 39358 95890 88302 50215 64091 67316 86166 41672 79276 12781 8276 63119 71213 42465 10111 28654 64333 70659 58439 72574 49096 65765 88090 31217 79231 81533 95367 32423 29049 42937 10839 66726 61740 27064 94193 20372 48561 83738 81177 68202 63164 73085 97065 77682 2787 21511 58803 48146 36611 97354 37088 44270 75056 23504 65033 283 59674 86942 26201 40279 46409 
621 36
42834 69942 14945 62728 10314 11658 44369 74365 92844 36955 32502 10207 86758 3581 80176 49643 96434 94963 59357 18544 88607 77959 20176 34237 19178 27406 83292 17618 29006 49015 17256 4060 16916 7371 98002 64115 
411 35
15803 45531 52816 94979 90206 24374 66431 35927 4610 8468 72774 12613 65370 86549 35174 7379 61443 62803 82065 5412 54358 57696 46783 42529 46546 99805 21296 6555 11564 80291 95354 92931 23566 37206 15707 
606 34
27077 7537 8608 86446 70216 74610 15336 9494 50203 11108 52308 70700 41043 52399 57837 42411 42372 40716 51694 31157 85302 1069 37031 35349 87699 23767 61531 20463 97959 40005 17304 71238 5840 65243 
633 33
11187 44679 56724 12177 20508 32252 30829 53567 91612 89165 35090 74412 40004 89748 40760 63279 73333 71675 56593 92039 40669 90143 28841 88267 26810 3433 32240 69516 30442 30278 47961 84095 56501 
245 32
11447 20228 5746 2789 85961 54439 83470 82510 17017 66348 43622 3597 89568 46078 92394 76624 3292 29088 93485 35718 70022 62275 68013 45975 63343 16439 51313 73964 73221 67311 17701 28869 
0 32
45358 11007 87833 35319 42434 89805 70381 86920 60041 20380 54810 72715 4731 86242 65856 89610 11917 34608 91648 17983 39752 99650 80160 75458 54534 84991 34505 65316 35983 38494 34541 67555 
583 61
23101 68692 31291 17709 95436 16760 7937 80494 87306 3791 31577 66802 98899 53170 17221 55334 79125 59888 99468 18643 8845 65062 77797 31789 21721 3379 96752 77704 34562 37909 17045 53597 13066 18562 44817 9112 43177 48140 5942 11911 63526 56017 75956 39794 10632 87451 63935 79258 26529 95128 74747 94214 9966 71519 16212 5037 31712 6567 5041 57810 81155 
563 59
19700 37992 5259 54041 11441 62974 29000 19775 76800 70708 26281 79418 38156 21997 8583 51098 97145 92843 53007 18767 50691 40447 67189 24989 74755 21584 28406 25943 21568 10498 81127 21982 43490 30188 63296 79986 54829 49313 71300 86473 82348 29701 77792 57906 77447 11820 70158 42460 57078 57605 27490 59664 96291 45226 23150 57270 46591 52546 43669 
205 56
27680 37665 65972 87038 49689 81020 3283 1922 78965 98824 9143 88415 73562 38102 3019 39535 18040 10888 25994 16027 45068 98772 66135 13741 25603 88811 25230 18758 41019 76748 30235 77816 55747 26040 4922 96822 49397 35137 44202 68669 27336 67934 79944 90470 55773 6727 58238 28910 98628 96846 96566 37366 56299 16310 80234 90527 
462 54
91293 62206 11111 27836 7026 94549 27792 36754 54707 91730 10648 37175 43797 43838 62545 25733 62816 92540 3046 67698 15115 80307 32139 76574 94470 25290 57190 79527 31317 34019 54449 17185 88873 23348 29414 73935 15414 45343 29052 21123 27973 30601 48130 96331 81932 81733 80481 16150 60277 4576 40523 29614 60588 70557 
834 26
32846 20442 77505 87233 33882 10288 17476 54841 43070 82943 3032 41755 50757 29840 24689 50021 48349 11858 56003 20105 75785 70464 77552 51476 78069 2477 
220 24
2198 64424 50090 26111 36737 58792 12330 57216 16647 35327 11603 20515 65180 76860 95269 44729 70832 49549 27525 54596 95702 90171 34580 98793 
373 46
99636 55487 85504 95528 63509 32368 69355 77170 43192 75833 65371 48348 66065 94661 81023 48660 30502 53893 2977 78388 68551 29484 26954 3704 90572 34185 33130 54844 99187 75655 6553 87534 10853 79203 47222 14578 88997 75723 34565 39121 55678 70205 23836 76290 56295 36218 
210 43
41228 80799 98700 14593 67 85632 27024 54666 76892 92334 7589 23297 14166 47824 45043 52810 33126 3982 18254 23612 93542 63511 338 8458 48880 23735 2685 81610 24643 53962 53825 42836 80285 46674 24585 99831 53644 90619 22713 33251 46778 86590 65300 
191 42
24308 57479 78572 18069 76598 44131 69937 34497 8252 38018 19043 51709 5253 7525 63573 68206 60005 71649 69975 77929 20754 58173 21297 69395 84849 12165 97194 42183 32940 84756 9195 633 21191 8007 36740 73761 44824 17836 52192 64771 26772 26197 
105 20
66755 90938 49579 26550 75843 15802 54792 57980 54353 3072 92671 46500 25925 90166 54334 71476 2614 78817 24741 95656 
314 37
28539 47585 90915 57301 27148 60487 4739 97805 61912 11901 63062 83159 33970 78267 18143 27695 88201 65786 82182 2855 37023 8308 49636 12500 19403 18191 65718 64045 95893 69448 43542 96875 79726 19864 45369 1041 588 
772 18
43342 53518 65576 48768 66225 5549 32781 44903 84615 44773 64805 1878 59713 4368 88961 25646 81013 99797 
844 17
45465 37777 61067 8081 25162 17526 93453 70758 27748 63659 28699 65445 85507 15731 60122 98434 70767 
447 17
93243 93743 16665 38361 97850 72424 58573 32239 20162 65283 62243 72514 63252 87092 59856 15450 78089 
216 31
21595 11704 75380 70461 43100 58755 36696 4798 52140 16192 89713 47003 23925 48999 60906 83014 84551 90009 66709 70896 22693 7171 55766 9402 98328 1528 92099 33894 76465 72398 57098 
575 15
27483 14207 20591 67711 28490 73270 62342 25358 2471 40590 74058 58926 54360 78759 47757 
780 13
13284 47334 65036 67987 18155 47418 25383 83805 71306 73579 60365 85477 74716 
112 13
79703 82288 59852 42530 20288 2704 8967 6733 91977 78857 56071 3481 85181 
815 24
32316 87609 26683 22981 51463 77393 44333 98439 78343 56580 91793 58843 74614 84197 93617 15714 63146 41064 89340 96520 34831 72022 55552 74251 
962 22
24157 33939 56830 55869 55864 30017 47552 5335 34817 13703 52927 91115 68288 46879 27806 22182 51436 75113 44529 22795 85678 66849 
403 19
15540 72627 92830 18683 72147 24869 96782 53294 9070 37818 53033 3068 16082 39839 87898 74298 17478 13603 29090 
400 16
29838 53727 95417 59638 30294 35844 22455 79531 65706 63087 55654 17065 17560 17739 88662 17175 
794 13
12081 42329 55853 18453 93043 88914 33480 14595 57494 57555 51787 70564 59801 
988 10
21891 56785 32032 55622 53086 85654 48396 91952 96197 28486 
581 8
33273 47492 65337 68971 41849 54336 31171 12689 
179 3
89298 37011 37570 
76 3
79912 88147 8935 

