7
851 8
24482 70946 64113 31383 89033 55194 41160 76961 
878 5
54048 63022 99438 29679 10356 
429 6
11980 65831 95808 5569 23425 99521 
645 16
19201 5871 17206 27327 40430 99709 41610 5428 98958 55827 25420 70748 75243 94335 25857 37503 
409 6
1202 96211 77326 16548 18393 40249 
469 41
71436 28339 51854 68257 31138 4598 9131 20668 51462 62624 44569 74347 12789 77258 63118 32428 92758 53372 81109 78222 4071 97425 8421 15284 80429 3673 27737 9 68990 58617 59096 11778 72157 23473 69765 27669 63921 1197 90252 72077 11641 
510 14
60088 44870 88025 97293 80462 50871 4019 14111 31565 51125 3431 59760 58816 22565 

